10.007730 5376.000000 
10.033979 5549.000000 
10.060228 5427.000000 
10.086477 5556.000000 
10.112727 5444.000000 
10.138976 5496.000000 
10.165225 5498.000000 
10.191474 5568.000000 
10.217723 5498.000000 
10.243972 5521.000000 
10.270221 5603.000000 
10.296470 5454.000000 
10.322719 5613.000000 
10.348968 5564.000000 
10.375217 5658.000000 
10.401466 5515.000000 
10.427715 5587.000000 
10.453965 5679.000000 
10.480214 5517.000000 
10.506463 5538.000000 
10.532712 5676.000000 
10.558961 5547.000000 
10.585210 5676.000000 
10.611459 5599.000000 
10.637708 5611.000000 
10.663957 5702.000000 
10.690206 5602.000000 
10.716455 5612.000000 
10.742704 5690.000000 
10.768953 5688.000000 
10.795202 5680.000000 
10.821452 5670.000000 
10.847701 5670.000000 
10.873950 5728.000000 
10.900199 5837.000000 
10.926448 5825.000000 
10.952697 5804.000000 
10.978946 5678.000000 
11.005195 5645.000000 
11.031444 5748.000000 
11.057693 5572.000000 
11.083942 5597.000000 
11.110191 5781.000000 
11.136440 5723.000000 
11.162689 5640.000000 
11.188939 5785.000000 
11.215188 5695.000000 
11.241437 5741.000000 
11.267686 5625.000000 
11.293935 5691.000000 
11.320184 5575.000000 
11.346433 5806.000000 
11.372682 5685.000000 
11.398931 5688.000000 
11.425180 5701.000000 
11.451429 5615.000000 
11.477678 5764.000000 
11.503927 5742.000000 
11.530177 5686.000000 
11.556426 5905.000000 
11.582675 5806.000000 
11.608924 5641.000000 
11.635173 5776.000000 
11.661422 5761.000000 
11.687671 5750.000000 
11.713920 5832.000000 
11.740169 5812.000000 
11.766418 5862.000000 
11.792667 5729.000000 
11.818916 5667.000000 
11.845165 5857.000000 
11.871414 5858.000000 
11.897664 5793.000000 
11.923913 5760.000000 
11.950162 5871.000000 
11.976411 5967.000000 
12.002660 5771.000000 
12.028909 5800.000000 
12.055158 5835.000000 
12.081407 5936.000000 
12.107656 5831.000000 
12.133905 5866.000000 
12.160154 5904.000000 
12.186403 5868.000000 
12.212652 6010.000000 
12.238901 5748.000000 
12.265151 5976.000000 
12.291400 5920.000000 
12.317649 6029.000000 
12.343898 5862.000000 
12.370147 5887.000000 
12.396396 5950.000000 
12.422645 5947.000000 
12.448894 6048.000000 
12.475143 5789.000000 
12.501392 6026.000000 
12.527641 5972.000000 
12.553890 6042.000000 
12.580139 5758.000000 
12.606388 5952.000000 
12.632638 5861.000000 
12.658887 6014.000000 
12.685136 5940.000000 
12.711385 5936.000000 
12.737634 5802.000000 
12.763883 5924.000000 
12.790132 6154.000000 
12.816381 5942.000000 
12.842630 6102.000000 
12.868879 6040.000000 
12.895128 6320.000000 
12.921377 6317.000000 
12.947626 6127.000000 
12.973876 6037.000000 
13.000125 5994.000000 
13.026374 6116.000000 
13.052623 6114.000000 
13.078872 6072.000000 
13.105121 5929.000000 
13.131370 6076.000000 
13.157619 6106.000000 
13.183868 5898.000000 
13.210117 6085.000000 
13.236366 6013.000000 
13.262615 5989.000000 
13.288864 6002.000000 
13.315113 6011.000000 
13.341363 5956.000000 
13.367612 5979.000000 
13.393861 5992.000000 
13.420110 5976.000000 
13.446359 6013.000000 
13.472608 6078.000000 
13.498857 6070.000000 
13.525106 5977.000000 
13.551355 5973.000000 
13.577604 6078.000000 
13.603853 6074.000000 
13.630102 6040.000000 
13.656351 6023.000000 
13.682600 6127.000000 
13.708850 6017.000000 
13.735099 6137.000000 
13.761348 6096.000000 
13.787597 6049.000000 
13.813846 6007.000000 
13.840095 6122.000000 
13.866344 6093.000000 
13.892593 6087.000000 
13.918842 6111.000000 
13.945091 6165.000000 
13.971340 6169.000000 
13.997589 6156.000000 
14.023838 6106.000000 
14.050087 6046.000000 
14.076337 5996.000000 
14.102586 6075.000000 
14.128835 6073.000000 
14.155084 6077.000000 
14.181333 6130.000000 
14.207582 6129.000000 
14.233831 6099.000000 
14.260080 5879.000000 
14.286329 6116.000000 
14.312578 6193.000000 
14.338827 6080.000000 
14.365076 6076.000000 
14.391325 6031.000000 
14.417575 6069.000000 
14.443824 6250.000000 
14.470073 6173.000000 
14.496322 6183.000000 
14.522571 6215.000000 
14.548820 6190.000000 
14.575069 6204.000000 
14.601318 6205.000000 
14.627567 6187.000000 
14.653816 6126.000000 
14.680065 6241.000000 
14.706314 6150.000000 
14.732563 6246.000000 
14.758812 6383.000000 
14.785062 6255.000000 
14.811311 6258.000000 
14.837560 6300.000000 
14.863809 6116.000000 
14.890058 6292.000000 
14.916307 6198.000000 
14.942556 6243.000000 
14.968805 5962.000000 
14.995054 6195.000000 
15.021303 6177.000000 
15.047552 6323.000000 
15.073801 6303.000000 
15.100050 6211.000000 
15.126299 6146.000000 
15.152549 6253.000000 
15.178798 6196.000000 
15.205047 6194.000000 
15.231296 6203.000000 
15.257545 6218.000000 
15.283794 6110.000000 
15.310043 6393.000000 
15.336292 6343.000000 
15.362541 6226.000000 
15.388790 6195.000000 
15.415039 6137.000000 
15.441288 6142.000000 
15.467537 6305.000000 
15.493786 6205.000000 
15.520036 6310.000000 
15.546285 6216.000000 
15.572534 6283.000000 
15.598783 6106.000000 
15.625032 6190.000000 
15.651281 6342.000000 
15.677530 6117.000000 
15.703779 6262.000000 
15.730028 6210.000000 
15.756277 6137.000000 
15.782526 6267.000000 
15.808775 6456.000000 
15.835024 6170.000000 
15.861274 6268.000000 
15.887523 6198.000000 
15.913772 6217.000000 
15.940021 6191.000000 
15.966270 6351.000000 
15.992519 6367.000000 
16.018768 6243.000000 
16.045017 6269.000000 
16.071266 6182.000000 
16.097515 6179.000000 
16.123764 6150.000000 
16.150013 6220.000000 
16.176262 6347.000000 
16.202511 6259.000000 
16.228761 6167.000000 
16.255010 6353.000000 
16.281259 6183.000000 
16.307508 6107.000000 
16.333757 6173.000000 
16.360006 6228.000000 
16.386255 6155.000000 
16.412504 6410.000000 
16.438753 6139.000000 
16.465002 6212.000000 
16.491251 6220.000000 
16.517500 6156.000000 
16.543749 6532.000000 
16.569998 6143.000000 
16.596248 6204.000000 
16.622497 6284.000000 
16.648746 6389.000000 
16.674995 6389.000000 
16.701244 6247.000000 
16.727493 6256.000000 
16.753742 6312.000000 
16.779991 6208.000000 
16.806240 6094.000000 
16.832489 6214.000000 
16.858738 6288.000000 
16.884987 6203.000000 
16.911236 6284.000000 
16.937485 6247.000000 
16.963735 6420.000000 
16.989984 6240.000000 
17.016233 6185.000000 
17.042482 6255.000000 
17.068731 6204.000000 
17.094980 6430.000000 
17.121229 6280.000000 
17.147478 6118.000000 
17.173727 6269.000000 
17.199976 6244.000000 
17.226225 6215.000000 
17.252474 6228.000000 
17.278723 6251.000000 
17.304973 6245.000000 
17.331222 6371.000000 
17.357471 6388.000000 
17.383720 6157.000000 
17.409969 6354.000000 
17.436218 6236.000000 
17.462467 6178.000000 
17.488716 6136.000000 
17.514965 6154.000000 
17.541214 6226.000000 
17.567463 6135.000000 
17.593712 6234.000000 
17.619961 6312.000000 
17.646210 6217.000000 
17.672460 6220.000000 
17.698709 6295.000000 
17.724958 6129.000000 
17.751207 6174.000000 
17.777456 6260.000000 
17.803705 6294.000000 
17.829954 6278.000000 
17.856203 6157.000000 
17.882452 6182.000000 
17.908701 6260.000000 
17.934950 6331.000000 
17.961199 6209.000000 
17.987448 6251.000000 
18.013697 6102.000000 
18.039947 6098.000000 
18.066196 6226.000000 
18.092445 6129.000000 
18.118694 6247.000000 
18.144943 6210.000000 
18.171192 6260.000000 
18.197441 6264.000000 
18.223690 6236.000000 
18.249939 6440.000000 
18.276188 6501.000000 
18.302437 6769.000000 
18.328686 6625.000000 
18.354935 6833.000000 
18.381184 7056.000000 
18.407434 7268.000000 
18.433683 7247.000000 
18.459932 6889.000000 
18.486181 6605.000000 
18.512430 6474.000000 
18.538679 6387.000000 
18.564928 6352.000000 
18.591177 6378.000000 
18.617426 6210.000000 
18.643675 6497.000000 
18.669924 6235.000000 
18.696173 6251.000000 
18.722422 6433.000000 
18.748672 6253.000000 
18.774921 6192.000000 
18.801170 6367.000000 
18.827419 6157.000000 
18.853668 6211.000000 
18.879917 6232.000000 
18.906166 6237.000000 
18.932415 6470.000000 
18.958664 6217.000000 
18.984913 6115.000000 
19.011162 6265.000000 
19.037411 6452.000000 
19.063660 6105.000000 
19.089909 6059.000000 
19.116159 6137.000000 
19.142408 6241.000000 
19.168657 6305.000000 
19.194906 6397.000000 
19.221155 6052.000000 
19.247404 6111.000000 
19.273653 6221.000000 
19.299902 6199.000000 
19.326151 6208.000000 
19.352400 6080.000000 
19.378649 6207.000000 
19.404898 6201.000000 
19.431147 6269.000000 
19.457396 6328.000000 
19.483646 6283.000000 
19.509895 6339.000000 
19.536144 6116.000000 
19.562393 6173.000000 
19.588642 6289.000000 
19.614891 6309.000000 
19.641140 6192.000000 
19.667389 6253.000000 
19.693638 6019.000000 
19.719887 6264.000000 
19.746136 6249.000000 
19.772385 6161.000000 
19.798634 6286.000000 
19.824883 6278.000000 
19.851133 6284.000000 
19.877382 6364.000000 
19.903631 6241.000000 
19.929880 6256.000000 
19.956129 6159.000000 
19.982378 6312.000000 
20.008627 6237.000000 
20.034876 6254.000000 
20.061125 6113.000000 
20.087374 6249.000000 
20.113623 6231.000000 
20.139872 6334.000000 
20.166121 6072.000000 
20.192371 6156.000000 
20.218620 6086.000000 
20.244869 6087.000000 
20.271118 6136.000000 
20.297367 6206.000000 
20.323616 6417.000000 
20.349865 6242.000000 
20.376114 6252.000000 
20.402363 6151.000000 
20.428612 6247.000000 
20.454861 6201.000000 
20.481110 6284.000000 
20.507359 6211.000000 
20.533608 6323.000000 
20.559858 6254.000000 
20.586107 6233.000000 
20.612356 6272.000000 
20.638605 6183.000000 
20.664854 6141.000000 
20.691103 6259.000000 
20.717352 6227.000000 
20.743601 6153.000000 
20.769850 6011.000000 
20.796099 6113.000000 
20.822348 6116.000000 
20.848597 6148.000000 
20.874846 6225.000000 
20.901095 6243.000000 
20.927345 6219.000000 
20.953594 6211.000000 
20.979843 6317.000000 
21.006092 6322.000000 
21.032341 6159.000000 
21.058590 6333.000000 
21.084839 6267.000000 
21.111088 6279.000000 
21.137337 6235.000000 
21.163586 6164.000000 
21.189835 6260.000000 
21.216084 6161.000000 
21.242333 6184.000000 
21.268582 6138.000000 
21.294832 6122.000000 
21.321081 6029.000000 
21.347330 6204.000000 
21.373579 6278.000000 
21.399828 6170.000000 
21.426077 6247.000000 
21.452326 6185.000000 
21.478575 6173.000000 
21.504824 6128.000000 
21.531073 6106.000000 
21.557322 6215.000000 
21.583571 6219.000000 
21.609820 6010.000000 
21.636070 6218.000000 
21.662319 6034.000000 
21.688568 6166.000000 
21.714817 6071.000000 
21.741066 6054.000000 
21.767315 6101.000000 
21.793564 6192.000000 
21.819813 6068.000000 
21.846062 6110.000000 
21.872311 6162.000000 
21.898560 5985.000000 
21.924809 6118.000000 
21.951058 6114.000000 
21.977307 6111.000000 
22.003557 6223.000000 
22.029806 6044.000000 
22.056055 6287.000000 
22.082304 6193.000000 
22.108553 6148.000000 
22.134802 6207.000000 
22.161051 6161.000000 
22.187300 6266.000000 
22.213549 6329.000000 
22.239798 6031.000000 
22.266047 6161.000000 
22.292296 6268.000000 
22.318545 6235.000000 
22.344794 6143.000000 
22.371044 6102.000000 
22.397293 6217.000000 
22.423542 6139.000000 
22.449791 6118.000000 
22.476040 6105.000000 
22.502289 6192.000000 
22.528538 6211.000000 
22.554787 6210.000000 
22.581036 6101.000000 
22.607285 6153.000000 
22.633534 6171.000000 
22.659783 6205.000000 
22.686032 6158.000000 
22.712281 6137.000000 
22.738531 6160.000000 
22.764780 6147.000000 
22.791029 6079.000000 
22.817278 6172.000000 
22.843527 6067.000000 
22.869776 6175.000000 
22.896025 6052.000000 
22.922274 6199.000000 
22.948523 6197.000000 
22.974772 6117.000000 
23.001021 6164.000000 
23.027270 6100.000000 
23.053519 6143.000000 
23.079769 6042.000000 
23.106018 6183.000000 
23.132267 6170.000000 
23.158516 6128.000000 
23.184765 6288.000000 
23.211014 6083.000000 
23.237263 6090.000000 
23.263512 6088.000000 
23.289761 6226.000000 
23.316010 5969.000000 
23.342259 6143.000000 
23.368508 6125.000000 
23.394757 6197.000000 
23.421006 6122.000000 
23.447256 6151.000000 
23.473505 6050.000000 
23.499754 6093.000000 
23.526003 6136.000000 
23.552252 5898.000000 
23.578501 6185.000000 
23.604750 6058.000000 
23.630999 6187.000000 
23.657248 6268.000000 
23.683497 6243.000000 
23.709746 6205.000000 
23.735995 6173.000000 
23.762244 6250.000000 
23.788493 6272.000000 
23.814743 6095.000000 
23.840992 6111.000000 
23.867241 6177.000000 
23.893490 6169.000000 
23.919739 6182.000000 
23.945988 6072.000000 
23.972237 6138.000000 
23.998486 6263.000000 
24.024735 6114.000000 
24.050984 6112.000000 
24.077233 6215.000000 
24.103482 6158.000000 
24.129731 6244.000000 
24.155981 6241.000000 
24.182230 6187.000000 
24.208479 6250.000000 
24.234728 6245.000000 
24.260977 6379.000000 
24.287226 6245.000000 
24.313475 6080.000000 
24.339724 6206.000000 
24.365973 5927.000000 
24.392222 6118.000000 
24.418471 6018.000000 
24.444720 6217.000000 
24.470969 6090.000000 
24.497218 6116.000000 
24.523468 6045.000000 
24.549717 6191.000000 
24.575966 6080.000000 
24.602215 6185.000000 
24.628464 6122.000000 
24.654713 6111.000000 
24.680962 6062.000000 
24.707211 6062.000000 
24.733460 6191.000000 
24.759709 6139.000000 
24.785958 6222.000000 
24.812207 6133.000000 
24.838456 6147.000000 
24.864705 6168.000000 
24.890955 6171.000000 
24.917204 6063.000000 
24.943453 6119.000000 
24.969702 6022.000000 
24.995951 6130.000000 
25.022200 6148.000000 
25.048449 6081.000000 
25.074698 6076.000000 
25.100947 6163.000000 
25.127196 6083.000000 
25.153445 6070.000000 
25.179694 6049.000000 
25.205943 6245.000000 
25.232192 6149.000000 
25.258442 6048.000000 
25.284691 6152.000000 
25.310940 5921.000000 
25.337189 6029.000000 
25.363438 6219.000000 
25.389687 6092.000000 
25.415936 6056.000000 
25.442185 6177.000000 
25.468434 6109.000000 
25.494683 6013.000000 
25.520932 6083.000000 
25.547181 6087.000000 
25.573430 6086.000000 
25.599680 6175.000000 
25.625929 6096.000000 
25.652178 6059.000000 
25.678427 6055.000000 
25.704676 6032.000000 
25.730925 6096.000000 
25.757174 6235.000000 
25.783423 6060.000000 
25.809672 6145.000000 
25.835921 6073.000000 
25.862170 6055.000000 
25.888419 6148.000000 
25.914668 6179.000000 
25.940917 6125.000000 
25.967167 6103.000000 
25.993416 6034.000000 
26.019665 5962.000000 
26.045914 6087.000000 
26.072163 6055.000000 
26.098412 6070.000000 
26.124661 6014.000000 
26.150910 5971.000000 
26.177159 6076.000000 
26.203408 6088.000000 
26.229657 6192.000000 
26.255906 6225.000000 
26.282155 6068.000000 
26.308404 6275.000000 
26.334654 6067.000000 
26.360903 5977.000000 
26.387152 6157.000000 
26.413401 6019.000000 
26.439650 6077.000000 
26.465899 5868.000000 
26.492148 6138.000000 
26.518397 6133.000000 
26.544646 6101.000000 
26.570895 6116.000000 
26.597144 5989.000000 
26.623393 6103.000000 
26.649642 6086.000000 
26.675891 6243.000000 
26.702141 6504.000000 
26.728390 6553.000000 
26.754639 6605.000000 
26.780888 6453.000000 
26.807137 6317.000000 
26.833386 6280.000000 
26.859635 5960.000000 
26.885884 6081.000000 
26.912133 6069.000000 
26.938382 5935.000000 
26.964631 5995.000000 
26.990880 6003.000000 
27.017129 6239.000000 
27.043379 5862.000000 
27.069628 5850.000000 
27.095877 5941.000000 
27.122126 5895.000000 
27.148375 5843.000000 
27.174624 6062.000000 
27.200873 5854.000000 
27.227122 5999.000000 
27.253371 6038.000000 
27.279620 6066.000000 
27.305869 6088.000000 
27.332118 6031.000000 
27.358367 5859.000000 
27.384616 6051.000000 
27.410866 6101.000000 
27.437115 6012.000000 
27.463364 5992.000000 
27.489613 5936.000000 
27.515862 6067.000000 
27.542111 5968.000000 
27.568360 5910.000000 
27.594609 6092.000000 
27.620858 6004.000000 
27.647107 6010.000000 
27.673356 6114.000000 
27.699605 5972.000000 
27.725854 6076.000000 
27.752103 6026.000000 
27.778353 6038.000000 
27.804602 5886.000000 
27.830851 6020.000000 
27.857100 5957.000000 
27.883349 5932.000000 
27.909598 5950.000000 
27.935847 5989.000000 
27.962096 5823.000000 
27.988345 6071.000000 
28.014594 5947.000000 
28.040843 5969.000000 
28.067092 5864.000000 
28.093341 6013.000000 
28.119590 6012.000000 
28.145840 6100.000000 
28.172089 5922.000000 
28.198338 5999.000000 
28.224587 6019.000000 
28.250836 5941.000000 
28.277085 5900.000000 
28.303334 5964.000000 
28.329583 5984.000000 
28.355832 5965.000000 
28.382081 6150.000000 
28.408330 6021.000000 
28.434579 6102.000000 
28.460828 6025.000000 
28.487078 6028.000000 
28.513327 6091.000000 
28.539576 5908.000000 
28.565825 5928.000000 
28.592074 5924.000000 
28.618323 6149.000000 
28.644572 6161.000000 
28.670821 6059.000000 
28.697070 6101.000000 
28.723319 6118.000000 
28.749568 6005.000000 
28.775817 5967.000000 
28.802066 5937.000000 
28.828315 5911.000000 
28.854565 5949.000000 
28.880814 6024.000000 
28.907063 5880.000000 
28.933312 5953.000000 
28.959561 6088.000000 
28.985810 5950.000000 
29.012059 6073.000000 
29.038308 5874.000000 
29.064557 5939.000000 
29.090806 5982.000000 
29.117055 6054.000000 
29.143304 5947.000000 
29.169553 6087.000000 
29.195802 6116.000000 
29.222052 6049.000000 
29.248301 6063.000000 
29.274550 5896.000000 
29.300799 5926.000000 
29.327048 5932.000000 
29.353297 5955.000000 
29.379546 6089.000000 
29.405795 5942.000000 
29.432044 6091.000000 
29.458293 6124.000000 
29.484542 5987.000000 
29.510791 6139.000000 
29.537040 6151.000000 
29.563289 5975.000000 
29.589539 5937.000000 
29.615788 5956.000000 
29.642037 5974.000000 
29.668286 5966.000000 
29.694535 6028.000000 
29.720784 6031.000000 
29.747033 6129.000000 
29.773282 6009.000000 
29.799531 5959.000000 
29.825780 5919.000000 
29.852029 6079.000000 
29.878278 6084.000000 
29.904527 6062.000000 
29.930777 6089.000000 
29.957026 6073.000000 
29.983275 6196.000000 
30.009524 6231.000000 
30.035773 6293.000000 
30.062022 6414.000000 
30.088271 6660.000000 
30.114520 7053.000000 
30.140769 7597.000000 
30.167018 8285.000000 
30.193267 8773.000000 
30.219516 8857.000000 
30.245765 8683.000000 
30.272014 8354.000000 
30.298264 7665.000000 
30.324513 7432.000000 
30.350762 6920.000000 
30.377011 6664.000000 
30.403260 6307.000000 
30.429509 6333.000000 
30.455758 6350.000000 
30.482007 6111.000000 
30.508256 5993.000000 
30.534505 6030.000000 
30.560754 6122.000000 
30.587003 5980.000000 
30.613252 6039.000000 
30.639501 5990.000000 
30.665751 5977.000000 
30.692000 6033.000000 
30.718249 5936.000000 
30.744498 5981.000000 
30.770747 6050.000000 
30.796996 5913.000000 
30.823245 5885.000000 
30.849494 6019.000000 
30.875743 6017.000000 
30.901992 5970.000000 
30.928241 6045.000000 
30.954490 6007.000000 
30.980739 5988.000000 
31.006988 6068.000000 
31.033238 6042.000000 
31.059487 6052.000000 
31.085736 6092.000000 
31.111985 5974.000000 
31.138234 5955.000000 
31.164483 6003.000000 
31.190732 5906.000000 
31.216981 6043.000000 
31.243230 5972.000000 
31.269479 5929.000000 
31.295728 5947.000000 
31.321977 6013.000000 
31.348226 6109.000000 
31.374476 5895.000000 
31.400725 6025.000000 
31.426974 6150.000000 
31.453223 5978.000000 
31.479472 5955.000000 
31.505721 6014.000000 
31.531970 5968.000000 
31.558219 5895.000000 
31.584468 6005.000000 
31.610717 5927.000000 
31.636966 5920.000000 
31.663215 5939.000000 
31.689464 5940.000000 
31.715713 5816.000000 
31.741963 5995.000000 
31.768212 5946.000000 
31.794461 5983.000000 
31.820710 5853.000000 
31.846959 5820.000000 
31.873208 5929.000000 
31.899457 5937.000000 
31.925706 6011.000000 
31.951955 5915.000000 
31.978204 5931.000000 
32.004453 6158.000000 
32.030702 6021.000000 
32.056951 6022.000000 
32.083200 6035.000000 
32.109450 5960.000000 
32.135699 5937.000000 
32.161948 5922.000000 
32.188197 6066.000000 
32.214446 6021.000000 
32.240695 6024.000000 
32.266944 6031.000000 
32.293193 5896.000000 
32.319442 5856.000000 
32.345691 5890.000000 
32.371940 5883.000000 
32.398189 6099.000000 
32.424438 5992.000000 
32.450687 5970.000000 
32.476937 5970.000000 
32.503186 6040.000000 
32.529435 5882.000000 
32.555684 5897.000000 
32.581933 6052.000000 
32.608182 5901.000000 
32.634431 6084.000000 
32.660680 5886.000000 
32.686929 5998.000000 
32.713178 6003.000000 
32.739427 5977.000000 
32.765676 6043.000000 
32.791925 5846.000000 
32.818175 5897.000000 
32.844424 5960.000000 
32.870673 6051.000000 
32.896922 5954.000000 
32.923171 5924.000000 
32.949420 5982.000000 
32.975669 5882.000000 
33.001918 5817.000000 
33.028167 6065.000000 
33.054416 6033.000000 
33.080665 6083.000000 
33.106914 6114.000000 
33.133163 6080.000000 
33.159412 6019.000000 
33.185662 6180.000000 
33.211911 6194.000000 
33.238160 6279.000000 
33.264409 6250.000000 
33.290658 6238.000000 
33.316907 6248.000000 
33.343156 6243.000000 
33.369405 6152.000000 
33.395654 5919.000000 
33.421903 6032.000000 
33.448152 6012.000000 
33.474401 5991.000000 
33.500650 5942.000000 
33.526899 6048.000000 
33.553149 5985.000000 
33.579398 6067.000000 
33.605647 6015.000000 
33.631896 5946.000000 
33.658145 6100.000000 
33.684394 6002.000000 
33.710643 5865.000000 
33.736892 5882.000000 
33.763141 6000.000000 
33.789390 5909.000000 
33.815639 5914.000000 
33.841888 5887.000000 
33.868137 6093.000000 
33.894386 6055.000000 
33.920636 5935.000000 
33.946885 5777.000000 
33.973134 6042.000000 
33.999383 5991.000000 
34.025632 5918.000000 
34.051881 5954.000000 
34.078130 5946.000000 
34.104379 5944.000000 
34.130628 5813.000000 
34.156877 5845.000000 
34.183126 6054.000000 
34.209375 6079.000000 
34.235624 6101.000000 
34.261874 6125.000000 
34.288123 6147.000000 
34.314372 5941.000000 
34.340621 5918.000000 
34.366870 5911.000000 
34.393119 6055.000000 
34.419368 5922.000000 
34.445617 6004.000000 
34.471866 5904.000000 
34.498115 6088.000000 
34.524364 5912.000000 
34.550613 5899.000000 
34.576862 6042.000000 
34.603111 6018.000000 
34.629361 5964.000000 
34.655610 6048.000000 
34.681859 5998.000000 
34.708108 5860.000000 
34.734357 5988.000000 
34.760606 6021.000000 
34.786855 6107.000000 
34.813104 6058.000000 
34.839353 6043.000000 
34.865602 5974.000000 
34.891851 5979.000000 
34.918100 5988.000000 
34.944349 5912.000000 
34.970598 6045.000000 
34.996848 6016.000000 
35.023097 6152.000000 
35.049346 5888.000000 
35.075595 6179.000000 
35.101844 6041.000000 
35.128093 6116.000000 
35.154342 6039.000000 
35.180591 6072.000000 
35.206840 6089.000000 
35.233089 6174.000000 
35.259338 6191.000000 
35.285587 6115.000000 
35.311836 6456.000000 
35.338085 6685.000000 
35.364335 6642.000000 
35.390584 7098.000000 
35.416833 7488.000000 
35.443082 8254.000000 
35.469331 9347.000000 
35.495580 11329.000000 
35.521829 13176.000000 
35.548078 14578.000000 
35.574327 14807.000000 
35.600576 13796.000000 
35.626825 13175.000000 
35.653074 12350.000000 
35.679323 10864.000000 
35.705573 9687.000000 
35.731822 8923.000000 
35.758071 8114.000000 
35.784320 7467.000000 
35.810569 7018.000000 
35.836818 6895.000000 
35.863067 6753.000000 
35.889316 6438.000000 
35.915565 6270.000000 
35.941814 6079.000000 
35.968063 6041.000000 
35.994312 6108.000000 
36.020561 6082.000000 
36.046810 6064.000000 
36.073060 6002.000000 
36.099309 6058.000000 
36.125558 5982.000000 
36.151807 6055.000000 
36.178056 5987.000000 
36.204305 6017.000000 
36.230554 6077.000000 
36.256803 6044.000000 
36.283052 5861.000000 
36.309301 6038.000000 
36.335550 5878.000000 
36.361799 5849.000000 
36.388048 6002.000000 
36.414297 5970.000000 
36.440547 6069.000000 
36.466796 6099.000000 
36.493045 6095.000000 
36.519294 6010.000000 
36.545543 6086.000000 
36.571792 5919.000000 
36.598041 6062.000000 
36.624290 6059.000000 
36.650539 5993.000000 
36.676788 6099.000000 
36.703037 5889.000000 
36.729286 6060.000000 
36.755535 5980.000000 
36.781785 5994.000000 
36.808034 6084.000000 
36.834283 5865.000000 
36.860532 5910.000000 
36.886781 5952.000000 
36.913030 5956.000000 
36.939279 5837.000000 
36.965528 6075.000000 
36.991777 5903.000000 
37.018026 6031.000000 
37.044275 6023.000000 
37.070524 5993.000000 
37.096773 6255.000000 
37.123022 6214.000000 
37.149272 6412.000000 
37.175521 6611.000000 
37.201770 6481.000000 
37.228019 6469.000000 
37.254268 6306.000000 
37.280517 6428.000000 
37.306766 6229.000000 
37.333015 6165.000000 
37.359264 6107.000000 
37.385513 5960.000000 
37.411762 5976.000000 
37.438011 5957.000000 
37.464260 5876.000000 
37.490509 6099.000000 
37.516759 6079.000000 
37.543008 5985.000000 
37.569257 5749.000000 
37.595506 5908.000000 
37.621755 5792.000000 
37.648004 5894.000000 
37.674253 5951.000000 
37.700502 5852.000000 
37.726751 5906.000000 
37.753000 5893.000000 
37.779249 5899.000000 
37.805498 6013.000000 
37.831747 5868.000000 
37.857996 5850.000000 
37.884246 5926.000000 
37.910495 5932.000000 
37.936744 5953.000000 
37.962993 5850.000000 
37.989242 5920.000000 
38.015491 5762.000000 
38.041740 5987.000000 
38.067989 5897.000000 
38.094238 5987.000000 
38.120487 5970.000000 
38.146736 5950.000000 
38.172985 5941.000000 
38.199234 5895.000000 
38.225484 5865.000000 
38.251733 5905.000000 
38.277982 5889.000000 
38.304231 5839.000000 
38.330480 6045.000000 
38.356729 5831.000000 
38.382978 5936.000000 
38.409227 5826.000000 
38.435476 5986.000000 
38.461725 5761.000000 
38.487974 6052.000000 
38.514223 5891.000000 
38.540472 5969.000000 
38.566721 5831.000000 
38.592971 5913.000000 
38.619220 5966.000000 
38.645469 5961.000000 
38.671718 5769.000000 
38.697967 5859.000000 
38.724216 5938.000000 
38.750465 5854.000000 
38.776714 6025.000000 
38.802963 5860.000000 
38.829212 5840.000000 
38.855461 5862.000000 
38.881710 5917.000000 
38.907959 5926.000000 
38.934208 6019.000000 
38.960458 5862.000000 
38.986707 5865.000000 
39.012956 5983.000000 
39.039205 5847.000000 
39.065454 6027.000000 
39.091703 5797.000000 
39.117952 5770.000000 
39.144201 5830.000000 
39.170450 5863.000000 
39.196699 5749.000000 
39.222948 5971.000000 
39.249197 5805.000000 
39.275446 5857.000000 
39.301695 6052.000000 
39.327945 5803.000000 
39.354194 5723.000000 
39.380443 5792.000000 
39.406692 5895.000000 
39.432941 5790.000000 
39.459190 5871.000000 
39.485439 5962.000000 
39.511688 5885.000000 
39.537937 5954.000000 
39.564186 5946.000000 
39.590435 5853.000000 
39.616684 5887.000000 
39.642933 5910.000000 
39.669183 5969.000000 
39.695432 5892.000000 
39.721681 5922.000000 
39.747930 5911.000000 
39.774179 5840.000000 
39.800428 5778.000000 
39.826677 5978.000000 
39.852926 5890.000000 
39.879175 5870.000000 
39.905424 5834.000000 
39.931673 5802.000000 
39.957922 5884.000000 
39.984171 5865.000000 
40.010420 5723.000000 
40.036670 5921.000000 
40.062919 5923.000000 
40.089168 5917.000000 
40.115417 5914.000000 
40.141666 5961.000000 
40.167915 5725.000000 
40.194164 5874.000000 
40.220413 5940.000000 
40.246662 5832.000000 
40.272911 5944.000000 
40.299160 6002.000000 
40.325409 5758.000000 
40.351658 5816.000000 
40.377907 5893.000000 
40.404157 6010.000000 
40.430406 5827.000000 
40.456655 5918.000000 
40.482904 5808.000000 
40.509153 5969.000000 
40.535402 5752.000000 
40.561651 5973.000000 
40.587900 5890.000000 
40.614149 6015.000000 
40.640398 5989.000000 
40.666647 6068.000000 
40.692896 5995.000000 
40.719145 5925.000000 
40.745394 5826.000000 
40.771644 5883.000000 
40.797893 5894.000000 
40.824142 5688.000000 
40.850391 5881.000000 
40.876640 6046.000000 
40.902889 6128.000000 
40.929138 6079.000000 
40.955387 5940.000000 
40.981636 6059.000000 
41.007885 5995.000000 
41.034134 5968.000000 
41.060383 5896.000000 
41.086632 5926.000000 
41.112882 5968.000000 
41.139131 5913.000000 
41.165380 5910.000000 
41.191629 5909.000000 
41.217878 5850.000000 
41.244127 5871.000000 
41.270376 5983.000000 
41.296625 5863.000000 
41.322874 5782.000000 
41.349123 6151.000000 
41.375372 5980.000000 
41.401621 5885.000000 
41.427870 6005.000000 
41.454119 5981.000000 
41.480369 5896.000000 
41.506618 5816.000000 
41.532867 5785.000000 
41.559116 6007.000000 
41.585365 6016.000000 
41.611614 5952.000000 
41.637863 5834.000000 
41.664112 5835.000000 
41.690361 5978.000000 
41.716610 5871.000000 
41.742859 5844.000000 
41.769108 6024.000000 
41.795357 5919.000000 
41.821606 5891.000000 
41.847856 5830.000000 
41.874105 5841.000000 
41.900354 5968.000000 
41.926603 5894.000000 
41.952852 5985.000000 
41.979101 5870.000000 
42.005350 5930.000000 
42.031599 5816.000000 
42.057848 5980.000000 
42.084097 5903.000000 
42.110346 5938.000000 
42.136595 6099.000000 
42.162844 6006.000000 
42.189093 5958.000000 
42.215343 5969.000000 
42.241592 6023.000000 
42.267841 5784.000000 
42.294090 6067.000000 
42.320339 5806.000000 
42.346588 5972.000000 
42.372837 6061.000000 
42.399086 6003.000000 
42.425335 6038.000000 
42.451584 5959.000000 
42.477833 5950.000000 
42.504082 5992.000000 
42.530331 6050.000000 
42.556581 6081.000000 
42.582830 6029.000000 
42.609079 6029.000000 
42.635328 5764.000000 
42.661577 5995.000000 
42.687826 6050.000000 
42.714075 5813.000000 
42.740324 6038.000000 
42.766573 6128.000000 
42.792822 5947.000000 
42.819071 6039.000000 
42.845320 5902.000000 
42.871569 6040.000000 
42.897818 5968.000000 
42.924068 5991.000000 
42.950317 6007.000000 
42.976566 5970.000000 
43.002815 6227.000000 
43.029064 6408.000000 
43.055313 6388.000000 
43.081562 6540.000000 
43.107811 6914.000000 
43.134060 7270.000000 
43.160309 7743.000000 
43.186558 8024.000000 
43.212807 7918.000000 
43.239056 7794.000000 
43.265305 7696.000000 
43.291555 7543.000000 
43.317804 7254.000000 
43.344053 7134.000000 
43.370302 6768.000000 
43.396551 6616.000000 
43.422800 6519.000000 
43.449049 6251.000000 
43.475298 6150.000000 
43.501547 6036.000000 
43.527796 6024.000000 
43.554045 6034.000000 
43.580294 5971.000000 
43.606543 6047.000000 
43.632792 6069.000000 
43.659042 5962.000000 
43.685291 5945.000000 
43.711540 6061.000000 
43.737789 5916.000000 
43.764038 6069.000000 
43.790287 5837.000000 
43.816536 6075.000000 
43.842785 5941.000000 
43.869034 6011.000000 
43.895283 5968.000000 
43.921532 6019.000000 
43.947781 5956.000000 
43.974030 5870.000000 
44.000280 5928.000000 
44.026529 5777.000000 
44.052778 5984.000000 
44.079027 5946.000000 
44.105276 5836.000000 
44.131525 5964.000000 
44.157774 5968.000000 
44.184023 5973.000000 
44.210272 5815.000000 
44.236521 5968.000000 
44.262770 5876.000000 
44.289019 5810.000000 
44.315268 5871.000000 
44.341517 5844.000000 
44.367767 5985.000000 
44.394016 5872.000000 
44.420265 5977.000000 
44.446514 5930.000000 
44.472763 5988.000000 
44.499012 6037.000000 
44.525261 5857.000000 
44.551510 6093.000000 
44.577759 5817.000000 
44.604008 5874.000000 
44.630257 5984.000000 
44.656506 5836.000000 
44.682755 5834.000000 
44.709004 6045.000000 
44.735254 6051.000000 
44.761503 5925.000000 
44.787752 6040.000000 
44.814001 5961.000000 
44.840250 5907.000000 
44.866499 6010.000000 
44.892748 5945.000000 
44.918997 5988.000000 
44.945246 5867.000000 
44.971495 5900.000000 
44.997744 5920.000000 
45.023993 5888.000000 
45.050242 5852.000000 
45.076491 5840.000000 
45.102741 5943.000000 
45.128990 5921.000000 
45.155239 5912.000000 
45.181488 5968.000000 
45.207737 5824.000000 
45.233986 5817.000000 
45.260235 5997.000000 
45.286484 5761.000000 
45.312733 5795.000000 
45.338982 5941.000000 
45.365231 5942.000000 
45.391480 6023.000000 
45.417729 5805.000000 
45.443979 5958.000000 
45.470228 5875.000000 
45.496477 5917.000000 
45.522726 5667.000000 
45.548975 5902.000000 
45.575224 5827.000000 
45.601473 5848.000000 
45.627722 5857.000000 
45.653971 5820.000000 
45.680220 5774.000000 
45.706469 5869.000000 
45.732718 5871.000000 
45.758967 5932.000000 
45.785216 5943.000000 
45.811466 5881.000000 
45.837715 5836.000000 
45.863964 6026.000000 
45.890213 5693.000000 
45.916462 5916.000000 
45.942711 5847.000000 
45.968960 5805.000000 
45.995209 5976.000000 
46.021458 5926.000000 
46.047707 5765.000000 
46.073956 5873.000000 
46.100205 5805.000000 
46.126454 5783.000000 
46.152703 5839.000000 
46.178953 6012.000000 
46.205202 5848.000000 
46.231451 5767.000000 
46.257700 5895.000000 
46.283949 5817.000000 
46.310198 5729.000000 
46.336447 5707.000000 
46.362696 5807.000000 
46.388945 5947.000000 
46.415194 5905.000000 
46.441443 5876.000000 
46.467692 5950.000000 
46.493941 6048.000000 
46.520190 5978.000000 
46.546440 5975.000000 
46.572689 5838.000000 
46.598938 5939.000000 
46.625187 5972.000000 
46.651436 5879.000000 
46.677685 5928.000000 
46.703934 5915.000000 
46.730183 5932.000000 
46.756432 6005.000000 
46.782681 5884.000000 
46.808930 6023.000000 
46.835179 5946.000000 
46.861428 5808.000000 
46.887678 5900.000000 
46.913927 5917.000000 
46.940176 5872.000000 
46.966425 5922.000000 
46.992674 5820.000000 
47.018923 5826.000000 
47.045172 5957.000000 
47.071421 5884.000000 
47.097670 5824.000000 
47.123919 5967.000000 
47.150168 5879.000000 
47.176417 5901.000000 
47.202666 5963.000000 
47.228915 5820.000000 
47.255165 5989.000000 
47.281414 5751.000000 
47.307663 6001.000000 
47.333912 5996.000000 
47.360161 5913.000000 
47.386410 5874.000000 
47.412659 5965.000000 
47.438908 6121.000000 
47.465157 5988.000000 
47.491406 5829.000000 
47.517655 5871.000000 
47.543904 5835.000000 
47.570153 5893.000000 
47.596402 5927.000000 
47.622652 5866.000000 
47.648901 5837.000000 
47.675150 5803.000000 
47.701399 5864.000000 
47.727648 5907.000000 
47.753897 5828.000000 
47.780146 5943.000000 
47.806395 5971.000000 
47.832644 5847.000000 
47.858893 5946.000000 
47.885142 5921.000000 
47.911391 5912.000000 
47.937640 5929.000000 
47.963889 5829.000000 
47.990139 5740.000000 
48.016388 5890.000000 
48.042637 5852.000000 
48.068886 5976.000000 
48.095135 5800.000000 
48.121384 5928.000000 
48.147633 5835.000000 
48.173882 5750.000000 
48.200131 5915.000000 
48.226380 5963.000000 
48.252629 5962.000000 
48.278878 5900.000000 
48.305127 6089.000000 
48.331377 5889.000000 
48.357626 5834.000000 
48.383875 6048.000000 
48.410124 5889.000000 
48.436373 5948.000000 
48.462622 5889.000000 
48.488871 5852.000000 
48.515120 5816.000000 
48.541369 5956.000000 
48.567618 5813.000000 
48.593867 5958.000000 
48.620116 5960.000000 
48.646365 5893.000000 
48.672614 6085.000000 
48.698864 5948.000000 
48.725113 5903.000000 
48.751362 5858.000000 
48.777611 5853.000000 
48.803860 5824.000000 
48.830109 5838.000000 
48.856358 5961.000000 
48.882607 5923.000000 
48.908856 5944.000000 
48.935105 5899.000000 
48.961354 5975.000000 
48.987603 5876.000000 
49.013852 5981.000000 
49.040101 5866.000000 
49.066351 5829.000000 
49.092600 5837.000000 
49.118849 5914.000000 
49.145098 5915.000000 
49.171347 5981.000000 
49.197596 5894.000000 
49.223845 5979.000000 
49.250094 5966.000000 
49.276343 5893.000000 
49.302592 5908.000000 
49.328841 5945.000000 
49.355090 5867.000000 
49.381339 5895.000000 
49.407589 6042.000000 
49.433838 5966.000000 
49.460087 5916.000000 
49.486336 6020.000000 
49.512585 6049.000000 
49.538834 6186.000000 
49.565083 5998.000000 
49.591332 5942.000000 
49.617581 5953.000000 
49.643830 5903.000000 
49.670079 5853.000000 
49.696328 5982.000000 
49.722577 6074.000000 
49.748826 5898.000000 
49.775076 5943.000000 
49.801325 5922.000000 
49.827574 5796.000000 
49.853823 5956.000000 
49.880072 6028.000000 
49.906321 5887.000000 
49.932570 5946.000000 
49.958819 6006.000000 
49.985068 6035.000000 
50.011317 5908.000000 
50.037566 5956.000000 
50.063815 5941.000000 
50.090064 6051.000000 
50.116313 5881.000000 
50.142563 5939.000000 
50.168812 5933.000000 
50.195061 6012.000000 
50.221310 6006.000000 
50.247559 5868.000000 
50.273808 5804.000000 
50.300057 5928.000000 
50.326306 5954.000000 
50.352555 5862.000000 
50.378804 5895.000000 
50.405053 5881.000000 
50.431302 6052.000000 
50.457551 5832.000000 
50.483800 5744.000000 
50.510050 5971.000000 
50.536299 5952.000000 
50.562548 5892.000000 
50.588797 5862.000000 
50.615046 5931.000000 
50.641295 5845.000000 
50.667544 6026.000000 
50.693793 5999.000000 
50.720042 5824.000000 
50.746291 5957.000000 
50.772540 5783.000000 
50.798789 5788.000000 
50.825038 5701.000000 
50.851288 5830.000000 
50.877537 5959.000000 
50.903786 5813.000000 
50.930035 5950.000000 
50.956284 5849.000000 
50.982533 5757.000000 
51.008782 5877.000000 
51.035031 5852.000000 
51.061280 5997.000000 
51.087529 5820.000000 
51.113778 6001.000000 
51.140027 5951.000000 
51.166276 5885.000000 
51.192525 5816.000000 
51.218775 5851.000000 
51.245024 5955.000000 
51.271273 5903.000000 
51.297522 5949.000000 
51.323771 5964.000000 
51.350020 5861.000000 
51.376269 5861.000000 
51.402518 5826.000000 
51.428767 5850.000000 
51.455016 5984.000000 
51.481265 5866.000000 
51.507514 6017.000000 
51.533763 5941.000000 
51.560012 5779.000000 
51.586262 5967.000000 
51.612511 5895.000000 
51.638760 5939.000000 
51.665009 5868.000000 
51.691258 5723.000000 
51.717507 5843.000000 
51.743756 5893.000000 
51.770005 5783.000000 
51.796254 5776.000000 
51.822503 5828.000000 
51.848752 5891.000000 
51.875001 5801.000000 
51.901250 5801.000000 
51.927499 5889.000000 
51.953749 5806.000000 
51.979998 5971.000000 
52.006247 5866.000000 
52.032496 5925.000000 
52.058745 5691.000000 
52.084994 5928.000000 
52.111243 5905.000000 
52.137492 5985.000000 
52.163741 5860.000000 
52.189990 5816.000000 
52.216239 5837.000000 
52.242488 5941.000000 
52.268737 5879.000000 
52.294987 5796.000000 
52.321236 5885.000000 
52.347485 5926.000000 
52.373734 5913.000000 
52.399983 5773.000000 
52.426232 5704.000000 
52.452481 5853.000000 
52.478730 5746.000000 
52.504979 5810.000000 
52.531228 5838.000000 
52.557477 5866.000000 
52.583726 5910.000000 
52.609975 5957.000000 
52.636224 5917.000000 
52.662474 5924.000000 
52.688723 5881.000000 
52.714972 5851.000000 
52.741221 5932.000000 
52.767470 5910.000000 
52.793719 5831.000000 
52.819968 5930.000000 
52.846217 5789.000000 
52.872466 5753.000000 
52.898715 5739.000000 
52.924964 5814.000000 
52.951213 5832.000000 
52.977462 5715.000000 
53.003711 5877.000000 
53.029961 5882.000000 
53.056210 5751.000000 
53.082459 5838.000000 
53.108708 5842.000000 
53.134957 5965.000000 
53.161206 5815.000000 
53.187455 5916.000000 
53.213704 5859.000000 
53.239953 5765.000000 
53.266202 5882.000000 
53.292451 5872.000000 
53.318700 5898.000000 
53.344949 5835.000000 
53.371198 6018.000000 
53.397448 6048.000000 
53.423697 6027.000000 
53.449946 5986.000000 
53.476195 6332.000000 
53.502444 6483.000000 
53.528693 6692.000000 
53.554942 6562.000000 
53.581191 6491.000000 
53.607440 6443.000000 
53.633689 6378.000000 
53.659938 6324.000000 
53.686187 6482.000000 
53.712436 6389.000000 
53.738686 6081.000000 
53.764935 6117.000000 
53.791184 5992.000000 
53.817433 5992.000000 
53.843682 5902.000000 
53.869931 5969.000000 
53.896180 6014.000000 
53.922429 5916.000000 
53.948678 5955.000000 
53.974927 6133.000000 
54.001176 5842.000000 
54.027425 5900.000000 
54.053674 6094.000000 
54.079923 6076.000000 
54.106173 6040.000000 
54.132422 6087.000000 
54.158671 6174.000000 
54.184920 5920.000000 
54.211169 6032.000000 
54.237418 5938.000000 
54.263667 6012.000000 
54.289916 5963.000000 
54.316165 5985.000000 
54.342414 5915.000000 
54.368663 5931.000000 
54.394912 5905.000000 
54.421161 5915.000000 
54.447410 5875.000000 
54.473660 5819.000000 
54.499909 5873.000000 
54.526158 5793.000000 
54.552407 5770.000000 
54.578656 5826.000000 
54.604905 5792.000000 
54.631154 5959.000000 
54.657403 5800.000000 
54.683652 5836.000000 
54.709901 5879.000000 
54.736150 5946.000000 
54.762399 5888.000000 
54.788648 5837.000000 
54.814897 5940.000000 
54.841147 5773.000000 
54.867396 5769.000000 
54.893645 5770.000000 
54.919894 5864.000000 
54.946143 5916.000000 
54.972392 5835.000000 
54.998641 5681.000000 
55.024890 5693.000000 
55.051139 5854.000000 
55.077388 5906.000000 
55.103637 5884.000000 
55.129886 5916.000000 
55.156135 5922.000000 
55.182385 6028.000000 
55.208634 5862.000000 
55.234883 5962.000000 
55.261132 5942.000000 
55.287381 5805.000000 
55.313630 5967.000000 
55.339879 5936.000000 
55.366128 5934.000000 
55.392377 5877.000000 
55.418626 5817.000000 
55.444875 5856.000000 
55.471124 5937.000000 
55.497373 5880.000000 
55.523622 5811.000000 
55.549872 5758.000000 
55.576121 5898.000000 
55.602370 5870.000000 
55.628619 5898.000000 
55.654868 5780.000000 
55.681117 5726.000000 
55.707366 5880.000000 
55.733615 5950.000000 
55.759864 5800.000000 
55.786113 5819.000000 
55.812362 5758.000000 
55.838611 5783.000000 
55.864860 5814.000000 
55.891109 5838.000000 
55.917359 5764.000000 
55.943608 5903.000000 
55.969857 5847.000000 
55.996106 5819.000000 
56.022355 5804.000000 
56.048604 6015.000000 
56.074853 5875.000000 
56.101102 5912.000000 
56.127351 5797.000000 
56.153600 5766.000000 
56.179849 5793.000000 
56.206098 5837.000000 
56.232347 5961.000000 
56.258596 5886.000000 
56.284846 5766.000000 
56.311095 5927.000000 
56.337344 5821.000000 
56.363593 5854.000000 
56.389842 5818.000000 
56.416091 5850.000000 
56.442340 5837.000000 
56.468589 5921.000000 
56.494838 5885.000000 
56.521087 5809.000000 
56.547336 5734.000000 
56.573585 5817.000000 
56.599834 5775.000000 
56.626084 5799.000000 
56.652333 5870.000000 
56.678582 5813.000000 
56.704831 5752.000000 
56.731080 5933.000000 
56.757329 6032.000000 
56.783578 6073.000000 
56.809827 5946.000000 
56.836076 5966.000000 
56.862325 6019.000000 
56.888574 6137.000000 
56.914823 6367.000000 
56.941072 6401.000000 
56.967321 6595.000000 
56.993571 6887.000000 
57.019820 7557.000000 
57.046069 7832.000000 
57.072318 7700.000000 
57.098567 7642.000000 
57.124816 7632.000000 
57.151065 7471.000000 
57.177314 7534.000000 
57.203563 7415.000000 
57.229812 7452.000000 
57.256061 7014.000000 
57.282310 6909.000000 
57.308559 6605.000000 
57.334808 6394.000000 
57.361058 6286.000000 
57.387307 6216.000000 
57.413556 6176.000000 
57.439805 6214.000000 
57.466054 6054.000000 
57.492303 6131.000000 
57.518552 5949.000000 
57.544801 5853.000000 
57.571050 5967.000000 
57.597299 6130.000000 
57.623548 6057.000000 
57.649797 5892.000000 
57.676046 5889.000000 
57.702295 5915.000000 
57.728545 5863.000000 
57.754794 6049.000000 
57.781043 5838.000000 
57.807292 5934.000000 
57.833541 5874.000000 
57.859790 5849.000000 
57.886039 5856.000000 
57.912288 5767.000000 
57.938537 5871.000000 
57.964786 5893.000000 
57.991035 5837.000000 
58.017284 5782.000000 
58.043533 5815.000000 
58.069783 6041.000000 
58.096032 5762.000000 
58.122281 5693.000000 
58.148530 5874.000000 
58.174779 5890.000000 
58.201028 5741.000000 
58.227277 5728.000000 
58.253526 5925.000000 
58.279775 5767.000000 
58.306024 6009.000000 
58.332273 5767.000000 
58.358522 5714.000000 
58.384771 5894.000000 
58.411020 5694.000000 
58.437270 5792.000000 
58.463519 5803.000000 
58.489768 5771.000000 
58.516017 5946.000000 
58.542266 5810.000000 
58.568515 5769.000000 
58.594764 5748.000000 
58.621013 5712.000000 
58.647262 5724.000000 
58.673511 5863.000000 
58.699760 5872.000000 
58.726009 5945.000000 
58.752258 5876.000000 
58.778507 5951.000000 
58.804757 5774.000000 
58.831006 5760.000000 
58.857255 5771.000000 
58.883504 5925.000000 
58.909753 5949.000000 
58.936002 5814.000000 
58.962251 5829.000000 
58.988500 5875.000000 
59.014749 5738.000000 
59.040998 5930.000000 
59.067247 5947.000000 
59.093496 5882.000000 
59.119745 5791.000000 
59.145994 5850.000000 
59.172244 5766.000000 
59.198493 5775.000000 
59.224742 5764.000000 
59.250991 5819.000000 
59.277240 5739.000000 
59.303489 5757.000000 
59.329738 5884.000000 
59.355987 5803.000000 
59.382236 5856.000000 
59.408485 5804.000000 
59.434734 5651.000000 
59.460983 5785.000000 
59.487232 5919.000000 
59.513482 5775.000000 
59.539731 5955.000000 
59.565980 5792.000000 
59.592229 5881.000000 
59.618478 5810.000000 
59.644727 5808.000000 
59.670976 5792.000000 
59.697225 5940.000000 
59.723474 5941.000000 
59.749723 5880.000000 
59.775972 5873.000000 
59.802221 5834.000000 
59.828470 5839.000000 
59.854719 5861.000000 
59.880969 5877.000000 
59.907218 5873.000000 
59.933467 5809.000000 
59.959716 5944.000000 
59.985965 5825.000000 
60.012214 5790.000000 
60.038463 5936.000000 
60.064712 5852.000000 
60.090961 5750.000000 
60.117210 5823.000000 
60.143459 5796.000000 
60.169708 5793.000000 
60.195957 5899.000000 
60.222206 5943.000000 
60.248456 5796.000000 
60.274705 5868.000000 
60.300954 5711.000000 
60.327203 5921.000000 
60.353452 5849.000000 
60.379701 6023.000000 
60.405950 5850.000000 
60.432199 5851.000000 
60.458448 5954.000000 
60.484697 5691.000000 
60.510946 5897.000000 
60.537195 5860.000000 
60.563444 5820.000000 
60.589693 6017.000000 
60.615943 5898.000000 
60.642192 5929.000000 
60.668441 5859.000000 
60.694690 5935.000000 
60.720939 5850.000000 
60.747188 5955.000000 
60.773437 5894.000000 
60.799686 5865.000000 
60.825935 5870.000000 
60.852184 5831.000000 
60.878433 5746.000000 
60.904682 5811.000000 
60.930931 5836.000000 
60.957181 5914.000000 
60.983430 5855.000000 
61.009679 5793.000000 
61.035928 5930.000000 
61.062177 6030.000000 
61.088426 5818.000000 
61.114675 5853.000000 
61.140924 5842.000000 
61.167173 5874.000000 
61.193422 6043.000000 
61.219671 5872.000000 
61.245920 5862.000000 
61.272169 5883.000000 
61.298418 5888.000000 
61.324668 5903.000000 
61.350917 5980.000000 
61.377166 5887.000000 
61.403415 5854.000000 
61.429664 5961.000000 
61.455913 5964.000000 
61.482162 5925.000000 
61.508411 5878.000000 
61.534660 5885.000000 
61.560909 5973.000000 
61.587158 5907.000000 
61.613407 5997.000000 
61.639656 5970.000000 
61.665905 6060.000000 
61.692155 5984.000000 
61.718404 5751.000000 
61.744653 5802.000000 
61.770902 5827.000000 
61.797151 5739.000000 
61.823400 5816.000000 
61.849649 5948.000000 
61.875898 5946.000000 
61.902147 5900.000000 
61.928396 5891.000000 
61.954645 5861.000000 
61.980894 5880.000000 
62.007143 5877.000000 
62.033393 5945.000000 
62.059642 5880.000000 
62.085891 5939.000000 
62.112140 5935.000000 
62.138389 5980.000000 
62.164638 5970.000000 
62.190887 5980.000000 
62.217136 5997.000000 
62.243385 5966.000000 
62.269634 5875.000000 
62.295883 5972.000000 
62.322132 6109.000000 
62.348381 5976.000000 
62.374630 6058.000000 
62.400880 6066.000000 
62.427129 6100.000000 
62.453378 6392.000000 
62.479627 6387.000000 
62.505876 6498.000000 
62.532125 6848.000000 
62.558374 7176.000000 
62.584623 7772.000000 
62.610872 8361.000000 
62.637121 8524.000000 
62.663370 8393.000000 
62.689619 8004.000000 
62.715868 8052.000000 
62.742117 7919.000000 
62.768367 7897.000000 
62.794616 7959.000000 
62.820865 7835.000000 
62.847114 7658.000000 
62.873363 7183.000000 
62.899612 7089.000000 
62.925861 6835.000000 
62.952110 6658.000000 
62.978359 6585.000000 
63.004608 6487.000000 
63.030857 6397.000000 
63.057106 6367.000000 
63.083355 6228.000000 
63.109604 6213.000000 
63.135854 6183.000000 
63.162103 6020.000000 
63.188352 6043.000000 
63.214601 6044.000000 
63.240850 5994.000000 
63.267099 5969.000000 
63.293348 6029.000000 
63.319597 5912.000000 
63.345846 6033.000000 
63.372095 6047.000000 
63.398344 5878.000000 
63.424593 6009.000000 
63.450842 5998.000000 
63.477092 5906.000000 
63.503341 5872.000000 
63.529590 5832.000000 
63.555839 5967.000000 
63.582088 5842.000000 
63.608337 5985.000000 
63.634586 5886.000000 
63.660835 5799.000000 
63.687084 6030.000000 
63.713333 5971.000000 
63.739582 6024.000000 
63.765831 5962.000000 
63.792080 5982.000000 
63.818329 5955.000000 
63.844579 5830.000000 
63.870828 6081.000000 
63.897077 5947.000000 
63.923326 6058.000000 
63.949575 5914.000000 
63.975824 5961.000000 
64.002073 6060.000000 
64.028322 5895.000000 
64.054571 5948.000000 
64.080820 6024.000000 
64.107069 5948.000000 
64.133318 6102.000000 
64.159567 6154.000000 
64.185816 5983.000000 
64.212066 5910.000000 
64.238315 6051.000000 
64.264564 6029.000000 
64.290813 5941.000000 
64.317062 5999.000000 
64.343311 5936.000000 
64.369560 5843.000000 
64.395809 5860.000000 
64.422058 5943.000000 
64.448307 5871.000000 
64.474556 5883.000000 
64.500805 5818.000000 
64.527054 5920.000000 
64.553303 5815.000000 
64.579553 5935.000000 
64.605802 5803.000000 
64.632051 5821.000000 
64.658300 5784.000000 
64.684549 5864.000000 
64.710798 5954.000000 
64.737047 6000.000000 
64.763296 5940.000000 
64.789545 5878.000000 
64.815794 5904.000000 
64.842043 5805.000000 
64.868292 5889.000000 
64.894541 5951.000000 
64.920791 5995.000000 
64.947040 5814.000000 
64.973289 5776.000000 
64.999538 5831.000000 
65.025787 5990.000000 
65.052036 5829.000000 
65.078285 5840.000000 
65.104534 5905.000000 
65.130783 5849.000000 
65.157032 5876.000000 
65.183281 5926.000000 
65.209530 5867.000000 
65.235779 5887.000000 
65.262028 5919.000000 
65.288278 5844.000000 
65.314527 5965.000000 
65.340776 6007.000000 
65.367025 5965.000000 
65.393274 5881.000000 
65.419523 5935.000000 
65.445772 5910.000000 
65.472021 5890.000000 
65.498270 5800.000000 
65.524519 5925.000000 
65.550768 5935.000000 
65.577017 5897.000000 
65.603266 5808.000000 
65.629515 5839.000000 
65.655765 6028.000000 
65.682014 5836.000000 
65.708263 5961.000000 
65.734512 5840.000000 
65.760761 5985.000000 
65.787010 5712.000000 
65.813259 5725.000000 
65.839508 5838.000000 
65.865757 5955.000000 
65.892006 5943.000000 
65.918255 5920.000000 
65.944504 5765.000000 
65.970753 5951.000000 
65.997002 5881.000000 
66.023252 5995.000000 
66.049501 6032.000000 
66.075750 5798.000000 
66.101999 5852.000000 
66.128248 6024.000000 
66.154497 5829.000000 
66.180746 5801.000000 
66.206995 5953.000000 
66.233244 5927.000000 
66.259493 5909.000000 
66.285742 5839.000000 
66.311991 5757.000000 
66.338240 6008.000000 
66.364490 5890.000000 
66.390739 5845.000000 
66.416988 5830.000000 
66.443237 5677.000000 
66.469486 5745.000000 
66.495735 5727.000000 
66.521984 5747.000000 
66.548233 5968.000000 
66.574482 5974.000000 
66.600731 5906.000000 
66.626980 5906.000000 
66.653229 5918.000000 
66.679478 5861.000000 
66.705727 5894.000000 
66.731977 5743.000000 
66.758226 5827.000000 
66.784475 5959.000000 
66.810724 5975.000000 
66.836973 5843.000000 
66.863222 6106.000000 
66.889471 5879.000000 
66.915720 5860.000000 
66.941969 5828.000000 
66.968218 5917.000000 
66.994467 5925.000000 
67.020716 5728.000000 
67.046965 5730.000000 
67.073214 5877.000000 
67.099464 5918.000000 
67.125713 5983.000000 
67.151962 5787.000000 
67.178211 5772.000000 
67.204460 5899.000000 
67.230709 5837.000000 
67.256958 5857.000000 
67.283207 5925.000000 
67.309456 5874.000000 
67.335705 5686.000000 
67.361954 5994.000000 
67.388203 5801.000000 
67.414452 5936.000000 
67.440701 5858.000000 
67.466951 5817.000000 
67.493200 5979.000000 
67.519449 5970.000000 
67.545698 5869.000000 
67.571947 5876.000000 
67.598196 5938.000000 
67.624445 5921.000000 
67.650694 5957.000000 
67.676943 5858.000000 
67.703192 5860.000000 
67.729441 5819.000000 
67.755690 6051.000000 
67.781939 5824.000000 
67.808189 6021.000000 
67.834438 5841.000000 
67.860687 5874.000000 
67.886936 5720.000000 
67.913185 5800.000000 
67.939434 5789.000000 
67.965683 5838.000000 
67.991932 5926.000000 
68.018181 5982.000000 
68.044430 5984.000000 
68.070679 5798.000000 
68.096928 5732.000000 
68.123177 5806.000000 
68.149426 5684.000000 
68.175676 5911.000000 
68.201925 5778.000000 
68.228174 5930.000000 
68.254423 5820.000000 
68.280672 5851.000000 
68.306921 5825.000000 
68.333170 5940.000000 
68.359419 5896.000000 
68.385668 5916.000000 
68.411917 5841.000000 
68.438166 5877.000000 
68.464415 5881.000000 
68.490664 5968.000000 
68.516913 5825.000000 
68.543163 5769.000000 
68.569412 5928.000000 
68.595661 5864.000000 
68.621910 5830.000000 
68.648159 5774.000000 
68.674408 5811.000000 
68.700657 5855.000000 
68.726906 5795.000000 
68.753155 5708.000000 
68.779404 5860.000000 
68.805653 5776.000000 
68.831902 5828.000000 
68.858151 5973.000000 
68.884400 5648.000000 
68.910650 5991.000000 
68.936899 5958.000000 
68.963148 5907.000000 
68.989397 5829.000000 
69.015646 5730.000000 
69.041895 5954.000000 
69.068144 5841.000000 
69.094393 5798.000000 
69.120642 5684.000000 
69.146891 5840.000000 
69.173140 5800.000000 
69.199389 5821.000000 
69.225638 5814.000000 
69.251888 5830.000000 
69.278137 5840.000000 
69.304386 5875.000000 
69.330635 5778.000000 
69.356884 5704.000000 
69.383133 5889.000000 
69.409382 5869.000000 
69.435631 5797.000000 
69.461880 5785.000000 
69.488129 5816.000000 
69.514378 5722.000000 
69.540627 5803.000000 
69.566876 5802.000000 
69.593125 5669.000000 
69.619375 5741.000000 
69.645624 5763.000000 
69.671873 5795.000000 
69.698122 5846.000000 
69.724371 5810.000000 
69.750620 5877.000000 
69.776869 5649.000000 
69.803118 5950.000000 
69.829367 5847.000000 
69.855616 5900.000000 
69.881865 5994.000000 
69.908114 5780.000000 
69.934363 5779.000000 
69.960612 5971.000000 
