10.007730 4396.000000 
10.033979 4407.000000 
10.060228 4370.000000 
10.086477 4425.000000 
10.112727 4418.000000 
10.138976 4546.000000 
10.165225 4576.000000 
10.191474 4422.000000 
10.217723 4334.000000 
10.243972 4437.000000 
10.270221 4447.000000 
10.296470 4568.000000 
10.322719 4447.000000 
10.348968 4400.000000 
10.375217 4398.000000 
10.401466 4534.000000 
10.427715 4526.000000 
10.453965 4468.000000 
10.480214 4439.000000 
10.506463 4388.000000 
10.532712 4364.000000 
10.558961 4379.000000 
10.585210 4472.000000 
10.611459 4465.000000 
10.637708 4520.000000 
10.663957 4586.000000 
10.690206 4494.000000 
10.716455 4605.000000 
10.742704 4524.000000 
10.768953 4439.000000 
10.795202 4630.000000 
10.821452 4468.000000 
10.847701 4558.000000 
10.873950 4527.000000 
10.900199 4419.000000 
10.926448 4451.000000 
10.952697 4538.000000 
10.978946 4603.000000 
11.005195 4559.000000 
11.031444 4580.000000 
11.057693 4449.000000 
11.083942 4628.000000 
11.110191 4495.000000 
11.136440 4659.000000 
11.162689 4351.000000 
11.188939 4561.000000 
11.215188 4517.000000 
11.241437 4503.000000 
11.267686 4590.000000 
11.293935 4609.000000 
11.320184 4588.000000 
11.346433 4548.000000 
11.372682 4584.000000 
11.398931 4446.000000 
11.425180 4454.000000 
11.451429 4711.000000 
11.477678 4506.000000 
11.503927 4691.000000 
11.530177 4655.000000 
11.556426 4556.000000 
11.582675 4572.000000 
11.608924 4498.000000 
11.635173 4642.000000 
11.661422 4581.000000 
11.687671 4758.000000 
11.713920 4542.000000 
11.740169 4598.000000 
11.766418 4471.000000 
11.792667 4709.000000 
11.818916 4697.000000 
11.845165 4643.000000 
11.871414 4776.000000 
11.897664 4750.000000 
11.923913 4697.000000 
11.950162 4566.000000 
11.976411 4583.000000 
12.002660 4776.000000 
12.028909 4753.000000 
12.055158 4604.000000 
12.081407 4708.000000 
12.107656 4586.000000 
12.133905 4835.000000 
12.160154 4810.000000 
12.186403 4600.000000 
12.212652 4802.000000 
12.238901 4800.000000 
12.265151 4695.000000 
12.291400 4791.000000 
12.317649 4852.000000 
12.343898 4795.000000 
12.370147 4754.000000 
12.396396 4693.000000 
12.422645 4743.000000 
12.448894 4872.000000 
12.475143 4788.000000 
12.501392 4823.000000 
12.527641 4833.000000 
12.553890 4705.000000 
12.580139 4878.000000 
12.606388 4688.000000 
12.632638 4731.000000 
12.658887 4745.000000 
12.685136 4679.000000 
12.711385 4792.000000 
12.737634 4951.000000 
12.763883 4859.000000 
12.790132 4680.000000 
12.816381 4826.000000 
12.842630 4761.000000 
12.868879 4770.000000 
12.895128 4806.000000 
12.921377 4836.000000 
12.947626 4846.000000 
12.973876 4792.000000 
13.000125 4833.000000 
13.026374 4767.000000 
13.052623 4714.000000 
13.078872 4812.000000 
13.105121 5006.000000 
13.131370 4766.000000 
13.157619 4895.000000 
13.183868 4875.000000 
13.210117 4876.000000 
13.236366 4898.000000 
13.262615 4795.000000 
13.288864 4953.000000 
13.315113 4930.000000 
13.341363 4908.000000 
13.367612 4706.000000 
13.393861 4711.000000 
13.420110 5036.000000 
13.446359 4971.000000 
13.472608 4944.000000 
13.498857 4710.000000 
13.525106 4910.000000 
13.551355 4921.000000 
13.577604 4961.000000 
13.603853 4880.000000 
13.630102 4865.000000 
13.656351 5014.000000 
13.682600 4880.000000 
13.708850 4823.000000 
13.735099 4878.000000 
13.761348 5008.000000 
13.787597 4895.000000 
13.813846 4932.000000 
13.840095 4925.000000 
13.866344 4954.000000 
13.892593 4850.000000 
13.918842 4950.000000 
13.945091 4935.000000 
13.971340 4908.000000 
13.997589 4761.000000 
14.023838 4852.000000 
14.050087 5032.000000 
14.076337 5029.000000 
14.102586 5061.000000 
14.128835 4870.000000 
14.155084 4959.000000 
14.181333 5113.000000 
14.207582 4776.000000 
14.233831 4879.000000 
14.260080 4972.000000 
14.286329 4870.000000 
14.312578 4849.000000 
14.338827 5086.000000 
14.365076 5013.000000 
14.391325 4776.000000 
14.417575 4977.000000 
14.443824 4931.000000 
14.470073 5047.000000 
14.496322 4901.000000 
14.522571 5160.000000 
14.548820 5095.000000 
14.575069 4987.000000 
14.601318 4980.000000 
14.627567 4982.000000 
14.653816 4955.000000 
14.680065 4956.000000 
14.706314 5026.000000 
14.732563 4874.000000 
14.758812 5062.000000 
14.785062 4953.000000 
14.811311 5118.000000 
14.837560 4951.000000 
14.863809 4985.000000 
14.890058 5047.000000 
14.916307 5128.000000 
14.942556 5018.000000 
14.968805 5077.000000 
14.995054 5166.000000 
15.021303 5141.000000 
15.047552 5090.000000 
15.073801 5002.000000 
15.100050 5085.000000 
15.126299 5131.000000 
15.152549 5026.000000 
15.178798 5107.000000 
15.205047 5013.000000 
15.231296 5130.000000 
15.257545 5056.000000 
15.283794 5079.000000 
15.310043 5055.000000 
15.336292 5093.000000 
15.362541 5029.000000 
15.388790 5098.000000 
15.415039 5096.000000 
15.441288 5113.000000 
15.467537 5175.000000 
15.493786 5126.000000 
15.520036 5261.000000 
15.546285 5005.000000 
15.572534 5136.000000 
15.598783 5192.000000 
15.625032 5146.000000 
15.651281 5289.000000 
15.677530 5210.000000 
15.703779 5037.000000 
15.730028 5241.000000 
15.756277 5108.000000 
15.782526 5150.000000 
15.808775 5114.000000 
15.835024 5231.000000 
15.861274 5174.000000 
15.887523 5223.000000 
15.913772 5068.000000 
15.940021 5147.000000 
15.966270 5250.000000 
15.992519 5253.000000 
16.018768 5153.000000 
16.045017 5176.000000 
16.071266 5121.000000 
16.097515 5277.000000 
16.123764 5001.000000 
16.150013 5223.000000 
16.176262 5222.000000 
16.202511 5166.000000 
16.228761 5194.000000 
16.255010 5210.000000 
16.281259 5232.000000 
16.307508 5160.000000 
16.333757 5236.000000 
16.360006 5251.000000 
16.386255 5082.000000 
16.412504 5256.000000 
16.438753 5266.000000 
16.465002 5246.000000 
16.491251 5200.000000 
16.517500 5138.000000 
16.543749 5257.000000 
16.569998 5357.000000 
16.596248 5134.000000 
16.622497 5256.000000 
16.648746 5068.000000 
16.674995 5311.000000 
16.701244 5205.000000 
16.727493 5196.000000 
16.753742 5251.000000 
16.779991 5241.000000 
16.806240 5336.000000 
16.832489 5254.000000 
16.858738 5349.000000 
16.884987 5299.000000 
16.911236 5266.000000 
16.937485 5256.000000 
16.963735 5145.000000 
16.989984 5195.000000 
17.016233 5275.000000 
17.042482 5338.000000 
17.068731 5272.000000 
17.094980 5270.000000 
17.121229 5190.000000 
17.147478 5335.000000 
17.173727 5183.000000 
17.199976 5216.000000 
17.226225 5280.000000 
17.252474 5162.000000 
17.278723 5362.000000 
17.304973 5274.000000 
17.331222 5232.000000 
17.357471 5479.000000 
17.383720 5346.000000 
17.409969 5222.000000 
17.436218 5391.000000 
17.462467 5250.000000 
17.488716 5310.000000 
17.514965 5261.000000 
17.541214 5397.000000 
17.567463 5351.000000 
17.593712 5307.000000 
17.619961 5326.000000 
17.646210 5364.000000 
17.672460 5325.000000 
17.698709 5240.000000 
17.724958 5444.000000 
17.751207 5373.000000 
17.777456 5267.000000 
17.803705 5427.000000 
17.829954 5394.000000 
17.856203 5435.000000 
17.882452 5426.000000 
17.908701 5260.000000 
17.934950 5221.000000 
17.961199 5450.000000 
17.987448 5271.000000 
18.013697 5459.000000 
18.039947 5205.000000 
18.066196 5397.000000 
18.092445 5376.000000 
18.118694 5263.000000 
18.144943 5310.000000 
18.171192 5377.000000 
18.197441 5344.000000 
18.223690 5519.000000 
18.249939 5307.000000 
18.276188 5463.000000 
18.302437 5483.000000 
18.328686 5674.000000 
18.354935 5573.000000 
18.381184 5661.000000 
18.407434 5717.000000 
18.433683 5876.000000 
18.459932 6001.000000 
18.486181 6184.000000 
18.512430 5994.000000 
18.538679 5822.000000 
18.564928 5543.000000 
18.591177 5360.000000 
18.617426 5448.000000 
18.643675 5355.000000 
18.669924 5256.000000 
18.696173 5439.000000 
18.722422 5334.000000 
18.748672 5394.000000 
18.774921 5316.000000 
18.801170 5351.000000 
18.827419 5419.000000 
18.853668 5384.000000 
18.879917 5449.000000 
18.906166 5416.000000 
18.932415 5448.000000 
18.958664 5443.000000 
18.984913 5372.000000 
19.011162 5435.000000 
19.037411 5537.000000 
19.063660 5323.000000 
19.089909 5404.000000 
19.116159 5426.000000 
19.142408 5453.000000 
19.168657 5465.000000 
19.194906 5346.000000 
19.221155 5587.000000 
19.247404 5351.000000 
19.273653 5381.000000 
19.299902 5465.000000 
19.326151 5393.000000 
19.352400 5450.000000 
19.378649 5346.000000 
19.404898 5222.000000 
19.431147 5386.000000 
19.457396 5548.000000 
19.483646 5484.000000 
19.509895 5404.000000 
19.536144 5396.000000 
19.562393 5360.000000 
19.588642 5455.000000 
19.614891 5509.000000 
19.641140 5496.000000 
19.667389 5302.000000 
19.693638 5376.000000 
19.719887 5313.000000 
19.746136 5526.000000 
19.772385 5610.000000 
19.798634 5273.000000 
19.824883 5547.000000 
19.851133 5425.000000 
19.877382 5428.000000 
19.903631 5271.000000 
19.929880 5481.000000 
19.956129 5480.000000 
19.982378 5442.000000 
20.008627 5391.000000 
20.034876 5468.000000 
20.061125 5488.000000 
20.087374 5352.000000 
20.113623 5364.000000 
20.139872 5420.000000 
20.166121 5492.000000 
20.192371 5443.000000 
20.218620 5429.000000 
20.244869 5329.000000 
20.271118 5420.000000 
20.297367 5438.000000 
20.323616 5364.000000 
20.349865 5556.000000 
20.376114 5634.000000 
20.402363 5399.000000 
20.428612 5343.000000 
20.454861 5489.000000 
20.481110 5520.000000 
20.507359 5376.000000 
20.533608 5432.000000 
20.559858 5440.000000 
20.586107 5384.000000 
20.612356 5487.000000 
20.638605 5413.000000 
20.664854 5407.000000 
20.691103 5359.000000 
20.717352 5489.000000 
20.743601 5489.000000 
20.769850 5446.000000 
20.796099 5393.000000 
20.822348 5323.000000 
20.848597 5511.000000 
20.874846 5455.000000 
20.901095 5472.000000 
20.927345 5520.000000 
20.953594 5557.000000 
20.979843 5554.000000 
21.006092 5564.000000 
21.032341 5619.000000 
21.058590 5530.000000 
21.084839 5498.000000 
21.111088 5470.000000 
21.137337 5299.000000 
21.163586 5486.000000 
21.189835 5438.000000 
21.216084 5439.000000 
21.242333 5508.000000 
21.268582 5545.000000 
21.294832 5559.000000 
21.321081 5492.000000 
21.347330 5378.000000 
21.373579 5460.000000 
21.399828 5283.000000 
21.426077 5447.000000 
21.452326 5467.000000 
21.478575 5498.000000 
21.504824 5511.000000 
21.531073 5475.000000 
21.557322 5376.000000 
21.583571 5290.000000 
21.609820 5468.000000 
21.636070 5450.000000 
21.662319 5492.000000 
21.688568 5519.000000 
21.714817 5493.000000 
21.741066 5490.000000 
21.767315 5561.000000 
21.793564 5467.000000 
21.819813 5375.000000 
21.846062 5498.000000 
21.872311 5394.000000 
21.898560 5521.000000 
21.924809 5438.000000 
21.951058 5435.000000 
21.977307 5473.000000 
22.003557 5479.000000 
22.029806 5409.000000 
22.056055 5342.000000 
22.082304 5591.000000 
22.108553 5447.000000 
22.134802 5527.000000 
22.161051 5428.000000 
22.187300 5486.000000 
22.213549 5360.000000 
22.239798 5470.000000 
22.266047 5480.000000 
22.292296 5448.000000 
22.318545 5320.000000 
22.344794 5551.000000 
22.371044 5406.000000 
22.397293 5577.000000 
22.423542 5574.000000 
22.449791 5566.000000 
22.476040 5321.000000 
22.502289 5454.000000 
22.528538 5574.000000 
22.554787 5332.000000 
22.581036 5318.000000 
22.607285 5400.000000 
22.633534 5444.000000 
22.659783 5573.000000 
22.686032 5486.000000 
22.712281 5384.000000 
22.738531 5507.000000 
22.764780 5377.000000 
22.791029 5446.000000 
22.817278 5421.000000 
22.843527 5545.000000 
22.869776 5517.000000 
22.896025 5496.000000 
22.922274 5538.000000 
22.948523 5494.000000 
22.974772 5428.000000 
23.001021 5243.000000 
23.027270 5405.000000 
23.053519 5459.000000 
23.079769 5487.000000 
23.106018 5489.000000 
23.132267 5582.000000 
23.158516 5486.000000 
23.184765 5493.000000 
23.211014 5311.000000 
23.237263 5455.000000 
23.263512 5519.000000 
23.289761 5521.000000 
23.316010 5397.000000 
23.342259 5371.000000 
23.368508 5615.000000 
23.394757 5359.000000 
23.421006 5470.000000 
23.447256 5512.000000 
23.473505 5473.000000 
23.499754 5377.000000 
23.526003 5471.000000 
23.552252 5532.000000 
23.578501 5532.000000 
23.604750 5478.000000 
23.630999 5405.000000 
23.657248 5354.000000 
23.683497 5489.000000 
23.709746 5476.000000 
23.735995 5520.000000 
23.762244 5522.000000 
23.788493 5516.000000 
23.814743 5414.000000 
23.840992 5472.000000 
23.867241 5546.000000 
23.893490 5508.000000 
23.919739 5509.000000 
23.945988 5499.000000 
23.972237 5478.000000 
23.998486 5582.000000 
24.024735 5577.000000 
24.050984 5321.000000 
24.077233 5525.000000 
24.103482 5495.000000 
24.129731 5312.000000 
24.155981 5584.000000 
24.182230 5532.000000 
24.208479 5561.000000 
24.234728 5507.000000 
24.260977 5560.000000 
24.287226 5651.000000 
24.313475 5620.000000 
24.339724 5735.000000 
24.365973 5575.000000 
24.392222 5604.000000 
24.418471 5459.000000 
24.444720 5437.000000 
24.470969 5592.000000 
24.497218 5514.000000 
24.523468 5526.000000 
24.549717 5507.000000 
24.575966 5488.000000 
24.602215 5507.000000 
24.628464 5392.000000 
24.654713 5547.000000 
24.680962 5370.000000 
24.707211 5374.000000 
24.733460 5410.000000 
24.759709 5411.000000 
24.785958 5349.000000 
24.812207 5492.000000 
24.838456 5390.000000 
24.864705 5480.000000 
24.890955 5335.000000 
24.917204 5472.000000 
24.943453 5275.000000 
24.969702 5435.000000 
24.995951 5495.000000 
25.022200 5539.000000 
25.048449 5454.000000 
25.074698 5411.000000 
25.100947 5455.000000 
25.127196 5480.000000 
25.153445 5436.000000 
25.179694 5413.000000 
25.205943 5558.000000 
25.232192 5426.000000 
25.258442 5377.000000 
25.284691 5604.000000 
25.310940 5444.000000 
25.337189 5369.000000 
25.363438 5442.000000 
25.389687 5372.000000 
25.415936 5319.000000 
25.442185 5536.000000 
25.468434 5356.000000 
25.494683 5447.000000 
25.520932 5518.000000 
25.547181 5337.000000 
25.573430 5504.000000 
25.599680 5384.000000 
25.625929 5543.000000 
25.652178 5590.000000 
25.678427 5334.000000 
25.704676 5308.000000 
25.730925 5423.000000 
25.757174 5280.000000 
25.783423 5412.000000 
25.809672 5408.000000 
25.835921 5322.000000 
25.862170 5535.000000 
25.888419 5500.000000 
25.914668 5486.000000 
25.940917 5425.000000 
25.967167 5480.000000 
25.993416 5386.000000 
26.019665 5522.000000 
26.045914 5487.000000 
26.072163 5459.000000 
26.098412 5527.000000 
26.124661 5571.000000 
26.150910 5569.000000 
26.177159 5522.000000 
26.203408 5478.000000 
26.229657 5598.000000 
26.255906 5452.000000 
26.282155 5566.000000 
26.308404 5417.000000 
26.334654 5516.000000 
26.360903 5379.000000 
26.387152 5517.000000 
26.413401 5504.000000 
26.439650 5500.000000 
26.465899 5497.000000 
26.492148 5471.000000 
26.518397 5602.000000 
26.544646 5415.000000 
26.570895 5485.000000 
26.597144 5416.000000 
26.623393 5410.000000 
26.649642 5422.000000 
26.675891 5626.000000 
26.702141 5582.000000 
26.728390 5623.000000 
26.754639 5913.000000 
26.780888 5964.000000 
26.807137 5982.000000 
26.833386 5895.000000 
26.859635 5681.000000 
26.885884 5574.000000 
26.912133 5543.000000 
26.938382 5411.000000 
26.964631 5383.000000 
26.990880 5580.000000 
27.017129 5526.000000 
27.043379 5464.000000 
27.069628 5575.000000 
27.095877 5500.000000 
27.122126 5486.000000 
27.148375 5613.000000 
27.174624 5400.000000 
27.200873 5517.000000 
27.227122 5530.000000 
27.253371 5648.000000 
27.279620 5427.000000 
27.305869 5495.000000 
27.332118 5495.000000 
27.358367 5511.000000 
27.384616 5391.000000 
27.410866 5417.000000 
27.437115 5542.000000 
27.463364 5576.000000 
27.489613 5477.000000 
27.515862 5466.000000 
27.542111 5520.000000 
27.568360 5525.000000 
27.594609 5544.000000 
27.620858 5766.000000 
27.647107 5827.000000 
27.673356 6114.000000 
27.699605 6549.000000 
27.725854 6016.000000 
27.752103 6074.000000 
27.778353 5788.000000 
27.804602 5687.000000 
27.830851 5469.000000 
27.857100 5504.000000 
27.883349 5392.000000 
27.909598 5445.000000 
27.935847 5498.000000 
27.962096 5466.000000 
27.988345 5323.000000 
28.014594 5545.000000 
28.040843 5430.000000 
28.067092 5545.000000 
28.093341 5469.000000 
28.119590 5421.000000 
28.145840 5396.000000 
28.172089 5523.000000 
28.198338 5537.000000 
28.224587 5508.000000 
28.250836 5427.000000 
28.277085 5437.000000 
28.303334 5664.000000 
28.329583 5490.000000 
28.355832 5486.000000 
28.382081 5459.000000 
28.408330 5531.000000 
28.434579 5413.000000 
28.460828 5541.000000 
28.487078 5567.000000 
28.513327 5475.000000 
28.539576 5464.000000 
28.565825 5430.000000 
28.592074 5506.000000 
28.618323 5466.000000 
28.644572 5615.000000 
28.670821 5379.000000 
28.697070 5469.000000 
28.723319 5366.000000 
28.749568 5358.000000 
28.775817 5530.000000 
28.802066 5480.000000 
28.828315 5545.000000 
28.854565 5485.000000 
28.880814 5394.000000 
28.907063 5432.000000 
28.933312 5465.000000 
28.959561 5416.000000 
28.985810 5458.000000 
29.012059 5427.000000 
29.038308 5490.000000 
29.064557 5590.000000 
29.090806 5420.000000 
29.117055 5524.000000 
29.143304 5495.000000 
29.169553 5465.000000 
29.195802 5630.000000 
29.222052 5687.000000 
29.248301 5576.000000 
29.274550 5480.000000 
29.300799 5501.000000 
29.327048 5415.000000 
29.353297 5572.000000 
29.379546 5503.000000 
29.405795 5476.000000 
29.432044 5492.000000 
29.458293 5579.000000 
29.484542 5603.000000 
29.510791 5466.000000 
29.537040 5464.000000 
29.563289 5443.000000 
29.589539 5553.000000 
29.615788 5464.000000 
29.642037 5405.000000 
29.668286 5458.000000 
29.694535 5471.000000 
29.720784 5473.000000 
29.747033 5476.000000 
29.773282 5626.000000 
29.799531 5646.000000 
29.825780 5517.000000 
29.852029 5403.000000 
29.878278 5427.000000 
29.904527 5563.000000 
29.930777 5643.000000 
29.957026 5506.000000 
29.983275 5469.000000 
30.009524 5446.000000 
30.035773 5336.000000 
30.062022 5576.000000 
30.088271 5731.000000 
30.114520 5767.000000 
30.140769 5902.000000 
30.167018 6085.000000 
30.193267 6443.000000 
30.219516 7232.000000 
30.245765 7816.000000 
30.272014 8107.000000 
30.298264 7655.000000 
30.324513 7813.000000 
30.350762 7377.000000 
30.377011 6791.000000 
30.403260 6453.000000 
30.429509 6344.000000 
30.455758 5971.000000 
30.482007 5988.000000 
30.508256 5805.000000 
30.534505 5936.000000 
30.560754 5722.000000 
30.587003 5613.000000 
30.613252 5581.000000 
30.639501 5512.000000 
30.665751 5466.000000 
30.692000 5420.000000 
30.718249 5599.000000 
30.744498 5465.000000 
30.770747 5450.000000 
30.796996 5458.000000 
30.823245 5501.000000 
30.849494 5527.000000 
30.875743 5462.000000 
30.901992 5563.000000 
30.928241 5368.000000 
30.954490 5577.000000 
30.980739 5450.000000 
31.006988 5512.000000 
31.033238 5337.000000 
31.059487 5465.000000 
31.085736 5463.000000 
31.111985 5483.000000 
31.138234 5575.000000 
31.164483 5535.000000 
31.190732 5385.000000 
31.216981 5430.000000 
31.243230 5426.000000 
31.269479 5449.000000 
31.295728 5458.000000 
31.321977 5323.000000 
31.348226 5502.000000 
31.374476 5331.000000 
31.400725 5526.000000 
31.426974 5528.000000 
31.453223 5428.000000 
31.479472 5318.000000 
31.505721 5551.000000 
31.531970 5562.000000 
31.558219 5564.000000 
31.584468 5546.000000 
31.610717 5319.000000 
31.636966 5543.000000 
31.663215 5517.000000 
31.689464 5464.000000 
31.715713 5547.000000 
31.741963 5492.000000 
31.768212 5541.000000 
31.794461 5264.000000 
31.820710 5473.000000 
31.846959 5390.000000 
31.873208 5397.000000 
31.899457 5395.000000 
31.925706 5375.000000 
31.951955 5343.000000 
31.978204 5522.000000 
32.004453 5419.000000 
32.030702 5293.000000 
32.056951 5533.000000 
32.083200 5399.000000 
32.109450 5511.000000 
32.135699 5475.000000 
32.161948 5303.000000 
32.188197 5435.000000 
32.214446 5441.000000 
32.240695 5541.000000 
32.266944 5461.000000 
32.293193 5494.000000 
32.319442 5349.000000 
32.345691 5456.000000 
32.371940 5348.000000 
32.398189 5536.000000 
32.424438 5359.000000 
32.450687 5478.000000 
32.476937 5436.000000 
32.503186 5560.000000 
32.529435 5442.000000 
32.555684 5379.000000 
32.581933 5392.000000 
32.608182 5519.000000 
32.634431 5347.000000 
32.660680 5421.000000 
32.686929 5503.000000 
32.713178 5508.000000 
32.739427 5448.000000 
32.765676 5370.000000 
32.791925 5471.000000 
32.818175 5465.000000 
32.844424 5534.000000 
32.870673 5466.000000 
32.896922 5451.000000 
32.923171 5374.000000 
32.949420 5383.000000 
32.975669 5523.000000 
33.001918 5387.000000 
33.028167 5534.000000 
33.054416 5410.000000 
33.080665 5477.000000 
33.106914 5611.000000 
33.133163 5691.000000 
33.159412 5513.000000 
33.185662 5587.000000 
33.211911 5593.000000 
33.238160 5705.000000 
33.264409 5784.000000 
33.290658 5884.000000 
33.316907 5964.000000 
33.343156 5730.000000 
33.369405 5564.000000 
33.395654 5604.000000 
33.421903 5640.000000 
33.448152 5471.000000 
33.474401 5476.000000 
33.500650 5378.000000 
33.526899 5493.000000 
33.553149 5506.000000 
33.579398 5435.000000 
33.605647 5365.000000 
33.631896 5476.000000 
33.658145 5285.000000 
33.684394 5364.000000 
33.710643 5451.000000 
33.736892 5384.000000 
33.763141 5465.000000 
33.789390 5396.000000 
33.815639 5337.000000 
33.841888 5356.000000 
33.868137 5351.000000 
33.894386 5359.000000 
33.920636 5514.000000 
33.946885 5533.000000 
33.973134 5326.000000 
33.999383 5418.000000 
34.025632 5548.000000 
34.051881 5336.000000 
34.078130 5423.000000 
34.104379 5468.000000 
34.130628 5366.000000 
34.156877 5553.000000 
34.183126 5388.000000 
34.209375 5320.000000 
34.235624 5444.000000 
34.261874 5416.000000 
34.288123 5412.000000 
34.314372 5555.000000 
34.340621 5495.000000 
34.366870 5328.000000 
34.393119 5460.000000 
34.419368 5440.000000 
34.445617 5596.000000 
34.471866 5526.000000 
34.498115 5283.000000 
34.524364 5480.000000 
34.550613 5363.000000 
34.576862 5418.000000 
34.603111 5536.000000 
34.629361 5527.000000 
34.655610 5490.000000 
34.681859 5562.000000 
34.708108 5463.000000 
34.734357 5285.000000 
34.760606 5415.000000 
34.786855 5323.000000 
34.813104 5540.000000 
34.839353 5503.000000 
34.865602 5431.000000 
34.891851 5455.000000 
34.918100 5441.000000 
34.944349 5518.000000 
34.970598 5588.000000 
34.996848 5637.000000 
35.023097 5428.000000 
35.049346 5533.000000 
35.075595 5563.000000 
35.101844 5636.000000 
35.128093 5513.000000 
35.154342 5630.000000 
35.180591 5387.000000 
35.206840 5530.000000 
35.233089 5507.000000 
35.259338 5684.000000 
35.285587 5618.000000 
35.311836 5553.000000 
35.338085 5750.000000 
35.364335 5861.000000 
35.390584 5927.000000 
35.416833 5959.000000 
35.443082 6171.000000 
35.469331 6511.000000 
35.495580 6945.000000 
35.521829 7860.000000 
35.548078 9417.000000 
35.574327 11297.000000 
35.600576 13129.000000 
35.626825 13679.000000 
35.653074 12692.000000 
35.679323 12360.000000 
35.705573 11744.000000 
35.731822 10522.000000 
35.758071 9612.000000 
35.784320 8858.000000 
35.810569 7814.000000 
35.836818 7375.000000 
35.863067 6865.000000 
35.889316 6766.000000 
35.915565 6401.000000 
35.941814 6151.000000 
35.968063 5978.000000 
35.994312 5879.000000 
36.020561 5779.000000 
36.046810 5721.000000 
36.073060 5670.000000 
36.099309 5647.000000 
36.125558 5499.000000 
36.151807 5496.000000 
36.178056 5486.000000 
36.204305 5628.000000 
36.230554 5509.000000 
36.256803 5388.000000 
36.283052 5456.000000 
36.309301 5453.000000 
36.335550 5449.000000 
36.361799 5412.000000 
36.388048 5407.000000 
36.414297 5414.000000 
36.440547 5434.000000 
36.466796 5489.000000 
36.493045 5399.000000 
36.519294 5536.000000 
36.545543 5384.000000 
36.571792 5424.000000 
36.598041 5547.000000 
36.624290 5360.000000 
36.650539 5441.000000 
36.676788 5442.000000 
36.703037 5430.000000 
36.729286 5470.000000 
36.755535 5552.000000 
36.781785 5426.000000 
36.808034 5520.000000 
36.834283 5342.000000 
36.860532 5447.000000 
36.886781 5541.000000 
36.913030 5433.000000 
36.939279 5459.000000 
36.965528 5375.000000 
36.991777 5341.000000 
37.018026 5483.000000 
37.044275 5370.000000 
37.070524 5424.000000 
37.096773 5465.000000 
37.123022 5535.000000 
37.149272 5546.000000 
37.175521 5697.000000 
37.201770 5798.000000 
37.228019 5947.000000 
37.254268 5895.000000 
37.280517 5807.000000 
37.306766 5818.000000 
37.333015 5749.000000 
37.359264 5737.000000 
37.385513 5625.000000 
37.411762 5586.000000 
37.438011 5478.000000 
37.464260 5435.000000 
37.490509 5556.000000 
37.516759 5365.000000 
37.543008 5421.000000 
37.569257 5591.000000 
37.595506 5250.000000 
37.621755 5441.000000 
37.648004 5257.000000 
37.674253 5351.000000 
37.700502 5275.000000 
37.726751 5388.000000 
37.753000 5361.000000 
37.779249 5430.000000 
37.805498 5393.000000 
37.831747 5418.000000 
37.857996 5518.000000 
37.884246 5314.000000 
37.910495 5352.000000 
37.936744 5451.000000 
37.962993 5478.000000 
37.989242 5492.000000 
38.015491 5374.000000 
38.041740 5430.000000 
38.067989 5444.000000 
38.094238 5384.000000 
38.120487 5259.000000 
38.146736 5335.000000 
38.172985 5458.000000 
38.199234 5451.000000 
38.225484 5393.000000 
38.251733 5420.000000 
38.277982 5407.000000 
38.304231 5548.000000 
38.330480 5480.000000 
38.356729 5457.000000 
38.382978 5314.000000 
38.409227 5351.000000 
38.435476 5398.000000 
38.461725 5343.000000 
38.487974 5306.000000 
38.514223 5434.000000 
38.540472 5245.000000 
38.566721 5387.000000 
38.592971 5340.000000 
38.619220 5285.000000 
38.645469 5495.000000 
38.671718 5363.000000 
38.697967 5382.000000 
38.724216 5415.000000 
38.750465 5272.000000 
38.776714 5333.000000 
38.802963 5517.000000 
38.829212 5381.000000 
38.855461 5410.000000 
38.881710 5433.000000 
38.907959 5484.000000 
38.934208 5472.000000 
38.960458 5410.000000 
38.986707 5324.000000 
39.012956 5405.000000 
39.039205 5385.000000 
39.065454 5354.000000 
39.091703 5256.000000 
39.117952 5453.000000 
39.144201 5345.000000 
39.170450 5390.000000 
39.196699 5499.000000 
39.222948 5330.000000 
39.249197 5263.000000 
39.275446 5419.000000 
39.301695 5402.000000 
39.327945 5523.000000 
39.354194 5356.000000 
39.380443 5295.000000 
39.406692 5346.000000 
39.432941 5419.000000 
39.459190 5316.000000 
39.485439 5327.000000 
39.511688 5399.000000 
39.537937 5370.000000 
39.564186 5354.000000 
39.590435 5398.000000 
39.616684 5279.000000 
39.642933 5428.000000 
39.669183 5458.000000 
39.695432 5466.000000 
39.721681 5394.000000 
39.747930 5267.000000 
39.774179 5419.000000 
39.800428 5334.000000 
39.826677 5372.000000 
39.852926 5351.000000 
39.879175 5351.000000 
39.905424 5576.000000 
39.931673 5403.000000 
39.957922 5241.000000 
39.984171 5262.000000 
40.010420 5311.000000 
40.036670 5210.000000 
40.062919 5344.000000 
40.089168 5444.000000 
40.115417 5380.000000 
40.141666 5311.000000 
40.167915 5446.000000 
40.194164 5369.000000 
40.220413 5457.000000 
40.246662 5401.000000 
40.272911 5348.000000 
40.299160 5320.000000 
40.325409 5337.000000 
40.351658 5313.000000 
40.377907 5491.000000 
40.404157 5359.000000 
40.430406 5414.000000 
40.456655 5571.000000 
40.482904 5447.000000 
40.509153 5422.000000 
40.535402 5341.000000 
40.561651 5342.000000 
40.587900 5510.000000 
40.614149 5427.000000 
40.640398 5341.000000 
40.666647 5447.000000 
40.692896 5412.000000 
40.719145 5446.000000 
40.745394 5521.000000 
40.771644 5491.000000 
40.797893 5514.000000 
40.824142 5365.000000 
40.850391 5419.000000 
40.876640 5479.000000 
40.902889 5475.000000 
40.929138 5463.000000 
40.955387 5457.000000 
40.981636 5476.000000 
41.007885 5643.000000 
41.034134 5463.000000 
41.060383 5485.000000 
41.086632 5525.000000 
41.112882 5595.000000 
41.139131 5416.000000 
41.165380 5389.000000 
41.191629 5486.000000 
41.217878 5413.000000 
41.244127 5485.000000 
41.270376 5506.000000 
41.296625 5359.000000 
41.322874 5445.000000 
41.349123 5439.000000 
41.375372 5499.000000 
41.401621 5360.000000 
41.427870 5366.000000 
41.454119 5404.000000 
41.480369 5176.000000 
41.506618 5565.000000 
41.532867 5333.000000 
41.559116 5343.000000 
41.585365 5292.000000 
41.611614 5437.000000 
41.637863 5508.000000 
41.664112 5397.000000 
41.690361 5439.000000 
41.716610 5333.000000 
41.742859 5505.000000 
41.769108 5341.000000 
41.795357 5374.000000 
41.821606 5533.000000 
41.847856 5421.000000 
41.874105 5517.000000 
41.900354 5309.000000 
41.926603 5461.000000 
41.952852 5453.000000 
41.979101 5322.000000 
42.005350 5521.000000 
42.031599 5511.000000 
42.057848 5563.000000 
42.084097 5421.000000 
42.110346 5281.000000 
42.136595 5451.000000 
42.162844 5347.000000 
42.189093 5368.000000 
42.215343 5411.000000 
42.241592 5464.000000 
42.267841 5416.000000 
42.294090 5320.000000 
42.320339 5415.000000 
42.346588 5445.000000 
42.372837 5462.000000 
42.399086 5416.000000 
42.425335 5518.000000 
42.451584 5466.000000 
42.477833 5497.000000 
42.504082 5345.000000 
42.530331 5491.000000 
42.556581 5616.000000 
42.582830 5474.000000 
42.609079 5429.000000 
42.635328 5271.000000 
42.661577 5387.000000 
42.687826 5481.000000 
42.714075 5465.000000 
42.740324 5353.000000 
42.766573 5553.000000 
42.792822 5461.000000 
42.819071 5532.000000 
42.845320 5507.000000 
42.871569 5547.000000 
42.897818 5354.000000 
42.924068 5527.000000 
42.950317 5520.000000 
42.976566 5519.000000 
43.002815 5412.000000 
43.029064 5532.000000 
43.055313 5658.000000 
43.081562 5495.000000 
43.107811 5766.000000 
43.134060 5660.000000 
43.160309 6030.000000 
43.186558 6318.000000 
43.212807 6680.000000 
43.239056 6806.000000 
43.265305 6801.000000 
43.291555 6687.000000 
43.317804 6532.000000 
43.344053 6550.000000 
43.370302 6650.000000 
43.396551 6252.000000 
43.422800 6073.000000 
43.449049 6034.000000 
43.475298 5950.000000 
43.501547 5940.000000 
43.527796 5714.000000 
43.554045 5589.000000 
43.580294 5658.000000 
43.606543 5462.000000 
43.632792 5547.000000 
43.659042 5521.000000 
43.685291 5448.000000 
43.711540 5438.000000 
43.737789 5502.000000 
43.764038 5528.000000 
43.790287 5448.000000 
43.816536 5548.000000 
43.842785 5394.000000 
43.869034 5316.000000 
43.895283 5537.000000 
43.921532 5362.000000 
43.947781 5362.000000 
43.974030 5522.000000 
44.000280 5375.000000 
44.026529 5370.000000 
44.052778 5347.000000 
44.079027 5414.000000 
44.105276 5435.000000 
44.131525 5359.000000 
44.157774 5465.000000 
44.184023 5355.000000 
44.210272 5393.000000 
44.236521 5286.000000 
44.262770 5468.000000 
44.289019 5416.000000 
44.315268 5501.000000 
44.341517 5377.000000 
44.367767 5372.000000 
44.394016 5381.000000 
44.420265 5398.000000 
44.446514 5279.000000 
44.472763 5464.000000 
44.499012 5492.000000 
44.525261 5398.000000 
44.551510 5373.000000 
44.577759 5521.000000 
44.604008 5598.000000 
44.630257 5356.000000 
44.656506 5445.000000 
44.682755 5476.000000 
44.709004 5451.000000 
44.735254 5376.000000 
44.761503 5524.000000 
44.787752 5350.000000 
44.814001 5521.000000 
44.840250 5502.000000 
44.866499 5484.000000 
44.892748 5495.000000 
44.918997 5364.000000 
44.945246 5365.000000 
44.971495 5500.000000 
44.997744 5419.000000 
45.023993 5433.000000 
45.050242 5358.000000 
45.076491 5337.000000 
45.102741 5360.000000 
45.128990 5390.000000 
45.155239 5295.000000 
45.181488 5433.000000 
45.207737 5449.000000 
45.233986 5324.000000 
45.260235 5510.000000 
45.286484 5446.000000 
45.312733 5360.000000 
45.338982 5459.000000 
45.365231 5354.000000 
45.391480 5354.000000 
45.417729 5381.000000 
45.443979 5425.000000 
45.470228 5456.000000 
45.496477 5395.000000 
45.522726 5284.000000 
45.548975 5469.000000 
45.575224 5413.000000 
45.601473 5326.000000 
45.627722 5344.000000 
45.653971 5377.000000 
45.680220 5363.000000 
45.706469 5320.000000 
45.732718 5376.000000 
45.758967 5345.000000 
45.785216 5493.000000 
45.811466 5450.000000 
45.837715 5353.000000 
45.863964 5552.000000 
45.890213 5445.000000 
45.916462 5289.000000 
45.942711 5326.000000 
45.968960 5360.000000 
45.995209 5419.000000 
46.021458 5556.000000 
46.047707 5424.000000 
46.073956 5485.000000 
46.100205 5227.000000 
46.126454 5485.000000 
46.152703 5313.000000 
46.178953 5473.000000 
46.205202 5450.000000 
46.231451 5425.000000 
46.257700 5377.000000 
46.283949 5347.000000 
46.310198 5522.000000 
46.336447 5339.000000 
46.362696 5415.000000 
46.388945 5338.000000 
46.415194 5508.000000 
46.441443 5391.000000 
46.467692 5449.000000 
46.493941 5358.000000 
46.520190 5421.000000 
46.546440 5396.000000 
46.572689 5357.000000 
46.598938 5386.000000 
46.625187 5500.000000 
46.651436 5338.000000 
46.677685 5415.000000 
46.703934 5429.000000 
46.730183 5334.000000 
46.756432 5450.000000 
46.782681 5376.000000 
46.808930 5383.000000 
46.835179 5448.000000 
46.861428 5367.000000 
46.887678 5332.000000 
46.913927 5430.000000 
46.940176 5436.000000 
46.966425 5381.000000 
46.992674 5411.000000 
47.018923 5410.000000 
47.045172 5450.000000 
47.071421 5285.000000 
47.097670 5405.000000 
47.123919 5371.000000 
47.150168 5412.000000 
47.176417 5416.000000 
47.202666 5261.000000 
47.228915 5345.000000 
47.255165 5437.000000 
47.281414 5296.000000 
47.307663 5493.000000 
47.333912 5387.000000 
47.360161 5436.000000 
47.386410 5446.000000 
47.412659 5365.000000 
47.438908 5474.000000 
47.465157 5369.000000 
47.491406 5236.000000 
47.517655 5184.000000 
47.543904 5291.000000 
47.570153 5385.000000 
47.596402 5329.000000 
47.622652 5345.000000 
47.648901 5297.000000 
47.675150 5305.000000 
47.701399 5424.000000 
47.727648 5387.000000 
47.753897 5335.000000 
47.780146 5284.000000 
47.806395 5357.000000 
47.832644 5367.000000 
47.858893 5330.000000 
47.885142 5531.000000 
47.911391 5266.000000 
47.937640 5429.000000 
47.963889 5325.000000 
47.990139 5322.000000 
48.016388 5321.000000 
48.042637 5391.000000 
48.068886 5372.000000 
48.095135 5471.000000 
48.121384 5283.000000 
48.147633 5339.000000 
48.173882 5415.000000 
48.200131 5380.000000 
48.226380 5398.000000 
48.252629 5424.000000 
48.278878 5430.000000 
48.305127 5454.000000 
48.331377 5365.000000 
48.357626 5441.000000 
48.383875 5358.000000 
48.410124 5391.000000 
48.436373 5352.000000 
48.462622 5463.000000 
48.488871 5411.000000 
48.515120 5529.000000 
48.541369 5396.000000 
48.567618 5252.000000 
48.593867 5380.000000 
48.620116 5290.000000 
48.646365 5300.000000 
48.672614 5400.000000 
48.698864 5430.000000 
48.725113 5379.000000 
48.751362 5270.000000 
48.777611 5471.000000 
48.803860 5357.000000 
48.830109 5497.000000 
48.856358 5403.000000 
48.882607 5423.000000 
48.908856 5345.000000 
48.935105 5433.000000 
48.961354 5462.000000 
48.987603 5361.000000 
49.013852 5461.000000 
49.040101 5366.000000 
49.066351 5421.000000 
49.092600 5353.000000 
49.118849 5439.000000 
49.145098 5289.000000 
49.171347 5426.000000 
49.197596 5360.000000 
49.223845 5448.000000 
49.250094 5269.000000 
49.276343 5494.000000 
49.302592 5490.000000 
49.328841 5523.000000 
49.355090 5404.000000 
49.381339 5248.000000 
49.407589 5390.000000 
49.433838 5495.000000 
49.460087 5481.000000 
49.486336 5383.000000 
49.512585 5592.000000 
49.538834 5498.000000 
49.565083 5582.000000 
49.591332 5480.000000 
49.617581 5738.000000 
49.643830 5560.000000 
49.670079 5533.000000 
49.696328 5421.000000 
49.722577 5466.000000 
49.748826 5550.000000 
49.775076 5548.000000 
49.801325 5414.000000 
49.827574 5414.000000 
49.853823 5446.000000 
49.880072 5402.000000 
49.906321 5412.000000 
49.932570 5346.000000 
49.958819 5375.000000 
49.985068 5338.000000 
50.011317 5356.000000 
50.037566 5394.000000 
50.063815 5378.000000 
50.090064 5355.000000 
50.116313 5345.000000 
50.142563 5415.000000 
50.168812 5454.000000 
50.195061 5483.000000 
50.221310 5372.000000 
50.247559 5686.000000 
50.273808 5530.000000 
50.300057 5395.000000 
50.326306 5439.000000 
50.352555 5438.000000 
50.378804 5405.000000 
50.405053 5322.000000 
50.431302 5429.000000 
50.457551 5336.000000 
50.483800 5404.000000 
50.510050 5292.000000 
50.536299 5380.000000 
50.562548 5332.000000 
50.588797 5310.000000 
50.615046 5498.000000 
50.641295 5395.000000 
50.667544 5275.000000 
50.693793 5448.000000 
50.720042 5366.000000 
50.746291 5312.000000 
50.772540 5316.000000 
50.798789 5395.000000 
50.825038 5338.000000 
50.851288 5387.000000 
50.877537 5330.000000 
50.903786 5465.000000 
50.930035 5468.000000 
50.956284 5445.000000 
50.982533 5380.000000 
51.008782 5347.000000 
51.035031 5486.000000 
51.061280 5326.000000 
51.087529 5408.000000 
51.113778 5367.000000 
51.140027 5405.000000 
51.166276 5490.000000 
51.192525 5313.000000 
51.218775 5402.000000 
51.245024 5462.000000 
51.271273 5409.000000 
51.297522 5447.000000 
51.323771 5440.000000 
51.350020 5520.000000 
51.376269 5428.000000 
51.402518 5328.000000 
51.428767 5237.000000 
51.455016 5462.000000 
51.481265 5379.000000 
51.507514 5415.000000 
51.533763 5609.000000 
51.560012 5498.000000 
51.586262 5365.000000 
51.612511 5488.000000 
51.638760 5385.000000 
51.665009 5346.000000 
51.691258 5243.000000 
51.717507 5395.000000 
51.743756 5208.000000 
51.770005 5445.000000 
51.796254 5372.000000 
51.822503 5509.000000 
51.848752 5461.000000 
51.875001 5521.000000 
51.901250 5425.000000 
51.927499 5277.000000 
51.953749 5417.000000 
51.979998 5323.000000 
52.006247 5388.000000 
52.032496 5453.000000 
52.058745 5418.000000 
52.084994 5467.000000 
52.111243 5469.000000 
52.137492 5277.000000 
52.163741 5485.000000 
52.189990 5291.000000 
52.216239 5537.000000 
52.242488 5431.000000 
52.268737 5420.000000 
52.294987 5530.000000 
52.321236 5490.000000 
52.347485 5352.000000 
52.373734 5429.000000 
52.399983 5392.000000 
52.426232 5454.000000 
52.452481 5461.000000 
52.478730 5356.000000 
52.504979 5544.000000 
52.531228 5554.000000 
52.557477 5348.000000 
52.583726 5406.000000 
52.609975 5385.000000 
52.636224 5463.000000 
52.662474 5425.000000 
52.688723 5405.000000 
52.714972 5452.000000 
52.741221 5366.000000 
52.767470 5418.000000 
52.793719 5470.000000 
52.819968 5557.000000 
52.846217 5428.000000 
52.872466 5467.000000 
52.898715 5515.000000 
52.924964 5420.000000 
52.951213 5362.000000 
52.977462 5371.000000 
53.003711 5284.000000 
53.029961 5551.000000 
53.056210 5261.000000 
53.082459 5342.000000 
53.108708 5496.000000 
53.134957 5335.000000 
53.161206 5326.000000 
53.187455 5490.000000 
53.213704 5430.000000 
53.239953 5451.000000 
53.266202 5490.000000 
53.292451 5453.000000 
53.318700 5525.000000 
53.344949 5452.000000 
53.371198 5590.000000 
53.397448 5464.000000 
53.423697 5527.000000 
53.449946 5373.000000 
53.476195 5637.000000 
53.502444 5575.000000 
53.528693 5916.000000 
53.554942 5800.000000 
53.581191 5917.000000 
53.607440 6099.000000 
53.633689 6111.000000 
53.659938 5900.000000 
53.686187 5906.000000 
53.712436 5732.000000 
53.738686 5896.000000 
53.764935 5721.000000 
53.791184 5814.000000 
53.817433 5744.000000 
53.843682 5617.000000 
53.869931 5715.000000 
53.896180 5712.000000 
53.922429 5516.000000 
53.948678 5562.000000 
53.974927 5717.000000 
54.001176 5542.000000 
54.027425 5450.000000 
54.053674 5525.000000 
54.079923 5530.000000 
54.106173 5569.000000 
54.132422 5525.000000 
54.158671 5515.000000 
54.184920 5565.000000 
54.211169 5655.000000 
54.237418 5633.000000 
54.263667 5465.000000 
54.289916 5403.000000 
54.316165 5549.000000 
54.342414 5416.000000 
54.368663 5416.000000 
54.394912 5412.000000 
54.421161 5437.000000 
54.447410 5347.000000 
54.473660 5503.000000 
54.499909 5404.000000 
54.526158 5340.000000 
54.552407 5291.000000 
54.578656 5386.000000 
54.604905 5217.000000 
54.631154 5341.000000 
54.657403 5314.000000 
54.683652 5395.000000 
54.709901 5386.000000 
54.736150 5323.000000 
54.762399 5378.000000 
54.788648 5396.000000 
54.814897 5351.000000 
54.841147 5447.000000 
54.867396 5491.000000 
54.893645 5337.000000 
54.919894 5399.000000 
54.946143 5455.000000 
54.972392 5335.000000 
54.998641 5477.000000 
55.024890 5538.000000 
55.051139 5385.000000 
55.077388 5372.000000 
55.103637 5468.000000 
55.129886 5333.000000 
55.156135 5550.000000 
55.182385 5623.000000 
55.208634 5504.000000 
55.234883 5500.000000 
55.261132 5298.000000 
55.287381 5212.000000 
55.313630 5405.000000 
55.339879 5520.000000 
55.366128 5416.000000 
55.392377 5396.000000 
55.418626 5453.000000 
55.444875 5352.000000 
55.471124 5328.000000 
55.497373 5418.000000 
55.523622 5323.000000 
55.549872 5366.000000 
55.576121 5294.000000 
55.602370 5350.000000 
55.628619 5420.000000 
55.654868 5315.000000 
55.681117 5364.000000 
55.707366 5359.000000 
55.733615 5457.000000 
55.759864 5366.000000 
55.786113 5352.000000 
55.812362 5325.000000 
55.838611 5477.000000 
55.864860 5360.000000 
55.891109 5485.000000 
55.917359 5479.000000 
55.943608 5347.000000 
55.969857 5287.000000 
55.996106 5279.000000 
56.022355 5449.000000 
56.048604 5378.000000 
56.074853 5328.000000 
56.101102 5432.000000 
56.127351 5392.000000 
56.153600 5283.000000 
56.179849 5472.000000 
56.206098 5330.000000 
56.232347 5388.000000 
56.258596 5532.000000 
56.284846 5384.000000 
56.311095 5303.000000 
56.337344 5297.000000 
56.363593 5425.000000 
56.389842 5318.000000 
56.416091 5461.000000 
56.442340 5344.000000 
56.468589 5475.000000 
56.494838 5356.000000 
56.521087 5326.000000 
56.547336 5411.000000 
56.573585 5389.000000 
56.599834 5326.000000 
56.626084 5431.000000 
56.652333 5442.000000 
56.678582 5378.000000 
56.704831 5394.000000 
56.731080 5322.000000 
56.757329 5414.000000 
56.783578 5351.000000 
56.809827 5416.000000 
56.836076 5464.000000 
56.862325 5385.000000 
56.888574 5469.000000 
56.914823 5717.000000 
56.941072 5611.000000 
56.967321 5806.000000 
56.993571 5920.000000 
57.019820 6021.000000 
57.046069 6464.000000 
57.072318 6826.000000 
57.098567 7038.000000 
57.124816 7111.000000 
57.151065 7085.000000 
57.177314 6750.000000 
57.203563 6645.000000 
57.229812 6631.000000 
57.256061 6887.000000 
57.282310 6573.000000 
57.308559 6481.000000 
57.334808 6368.000000 
57.361058 6007.000000 
57.387307 5951.000000 
57.413556 5984.000000 
57.439805 5911.000000 
57.466054 5813.000000 
57.492303 5869.000000 
57.518552 5765.000000 
57.544801 5744.000000 
57.571050 5597.000000 
57.597299 5589.000000 
57.623548 5604.000000 
57.649797 5595.000000 
57.676046 5661.000000 
57.702295 5423.000000 
57.728545 5465.000000 
57.754794 5461.000000 
57.781043 5554.000000 
57.807292 5546.000000 
57.833541 5463.000000 
57.859790 5534.000000 
57.886039 5541.000000 
57.912288 5437.000000 
57.938537 5520.000000 
57.964786 5374.000000 
57.991035 5469.000000 
58.017284 5432.000000 
58.043533 5498.000000 
58.069783 5464.000000 
58.096032 5387.000000 
58.122281 5524.000000 
58.148530 5392.000000 
58.174779 5456.000000 
58.201028 5410.000000 
58.227277 5296.000000 
58.253526 5371.000000 
58.279775 5294.000000 
58.306024 5383.000000 
58.332273 5429.000000 
58.358522 5409.000000 
58.384771 5392.000000 
58.411020 5605.000000 
58.437270 5387.000000 
58.463519 5280.000000 
58.489768 5394.000000 
58.516017 5359.000000 
58.542266 5294.000000 
58.568515 5426.000000 
58.594764 5343.000000 
58.621013 5315.000000 
58.647262 5375.000000 
58.673511 5387.000000 
58.699760 5425.000000 
58.726009 5363.000000 
58.752258 5270.000000 
58.778507 5440.000000 
58.804757 5244.000000 
58.831006 5424.000000 
58.857255 5506.000000 
58.883504 5333.000000 
58.909753 5425.000000 
58.936002 5434.000000 
58.962251 5284.000000 
58.988500 5290.000000 
59.014749 5483.000000 
59.040998 5461.000000 
59.067247 5320.000000 
59.093496 5383.000000 
59.119745 5328.000000 
59.145994 5384.000000 
59.172244 5362.000000 
59.198493 5345.000000 
59.224742 5447.000000 
59.250991 5374.000000 
59.277240 5488.000000 
59.303489 5221.000000 
59.329738 5365.000000 
59.355987 5374.000000 
59.382236 5376.000000 
59.408485 5298.000000 
59.434734 5349.000000 
59.460983 5366.000000 
59.487232 5464.000000 
59.513482 5406.000000 
59.539731 5479.000000 
59.565980 5355.000000 
59.592229 5408.000000 
59.618478 5456.000000 
59.644727 5428.000000 
59.670976 5319.000000 
59.697225 5560.000000 
59.723474 5384.000000 
59.749723 5521.000000 
59.775972 5287.000000 
59.802221 5535.000000 
59.828470 5267.000000 
59.854719 5384.000000 
59.880969 5269.000000 
59.907218 5359.000000 
59.933467 5408.000000 
59.959716 5406.000000 
59.985965 5448.000000 
60.012214 5256.000000 
60.038463 5353.000000 
60.064712 5363.000000 
60.090961 5358.000000 
60.117210 5417.000000 
60.143459 5401.000000 
60.169708 5372.000000 
60.195957 5428.000000 
60.222206 5401.000000 
60.248456 5530.000000 
60.274705 5405.000000 
60.300954 5354.000000 
60.327203 5409.000000 
60.353452 5405.000000 
60.379701 5524.000000 
60.405950 5408.000000 
60.432199 5478.000000 
60.458448 5507.000000 
60.484697 5476.000000 
60.510946 5510.000000 
60.537195 5363.000000 
60.563444 5386.000000 
60.589693 5526.000000 
60.615943 5566.000000 
60.642192 5388.000000 
60.668441 5286.000000 
60.694690 5507.000000 
60.720939 5215.000000 
60.747188 5361.000000 
60.773437 5445.000000 
60.799686 5372.000000 
60.825935 5337.000000 
60.852184 5305.000000 
60.878433 5406.000000 
60.904682 5469.000000 
60.930931 5470.000000 
60.957181 5337.000000 
60.983430 5415.000000 
61.009679 5357.000000 
61.035928 5373.000000 
61.062177 5475.000000 
61.088426 5519.000000 
61.114675 5408.000000 
61.140924 5365.000000 
61.167173 5315.000000 
61.193422 5332.000000 
61.219671 5372.000000 
61.245920 5514.000000 
61.272169 5315.000000 
61.298418 5326.000000 
61.324668 5277.000000 
61.350917 5409.000000 
61.377166 5434.000000 
61.403415 5421.000000 
61.429664 5388.000000 
61.455913 5323.000000 
61.482162 5334.000000 
61.508411 5375.000000 
61.534660 5430.000000 
61.560909 5401.000000 
61.587158 5448.000000 
61.613407 5471.000000 
61.639656 5453.000000 
61.665905 5416.000000 
61.692155 5373.000000 
61.718404 5413.000000 
61.744653 5513.000000 
61.770902 5504.000000 
61.797151 5443.000000 
61.823400 5461.000000 
61.849649 5415.000000 
61.875898 5459.000000 
61.902147 5348.000000 
61.928396 5399.000000 
61.954645 5392.000000 
61.980894 5462.000000 
62.007143 5431.000000 
62.033393 5465.000000 
62.059642 5413.000000 
62.085891 5320.000000 
62.112140 5626.000000 
62.138389 5413.000000 
62.164638 5450.000000 
62.190887 5376.000000 
62.217136 5458.000000 
62.243385 5602.000000 
62.269634 5558.000000 
62.295883 5585.000000 
62.322132 5444.000000 
62.348381 5548.000000 
62.374630 5488.000000 
62.400880 5477.000000 
62.427129 5439.000000 
62.453378 5540.000000 
62.479627 5671.000000 
62.505876 5763.000000 
62.532125 5848.000000 
62.558374 5945.000000 
62.584623 6240.000000 
62.610872 6381.000000 
62.637121 7096.000000 
62.663370 7420.000000 
62.689619 7805.000000 
62.715868 7750.000000 
62.742117 7466.000000 
62.768367 7133.000000 
62.794616 7113.000000 
62.820865 7229.000000 
62.847114 7269.000000 
62.873363 7114.000000 
62.899612 6762.000000 
62.925861 6717.000000 
62.952110 6504.000000 
62.978359 6246.000000 
63.004608 6155.000000 
63.030857 6045.000000 
63.057106 6092.000000 
63.083355 6014.000000 
63.109604 5857.000000 
63.135854 5702.000000 
63.162103 5819.000000 
63.188352 5780.000000 
63.214601 5768.000000 
63.240850 5591.000000 
63.267099 5676.000000 
63.293348 5618.000000 
63.319597 5396.000000 
63.345846 5506.000000 
63.372095 5551.000000 
63.398344 5494.000000 
63.424593 5455.000000 
63.450842 5597.000000 
63.477092 5421.000000 
63.503341 5544.000000 
63.529590 5340.000000 
63.555839 5394.000000 
63.582088 5313.000000 
63.608337 5499.000000 
63.634586 5402.000000 
63.660835 5511.000000 
63.687084 5490.000000 
63.713333 5477.000000 
63.739582 5322.000000 
63.765831 5324.000000 
63.792080 5442.000000 
63.818329 5308.000000 
63.844579 5492.000000 
63.870828 5447.000000 
63.897077 5386.000000 
63.923326 5482.000000 
63.949575 5304.000000 
63.975824 5354.000000 
64.002073 5388.000000 
64.028322 5460.000000 
64.054571 5458.000000 
64.080820 5516.000000 
64.107069 5448.000000 
64.133318 5570.000000 
64.159567 5637.000000 
64.185816 5523.000000 
64.212066 5545.000000 
64.238315 5516.000000 
64.264564 5568.000000 
64.290813 5537.000000 
64.317062 5507.000000 
64.343311 5622.000000 
64.369560 5488.000000 
64.395809 5589.000000 
64.422058 5521.000000 
64.448307 5508.000000 
64.474556 5467.000000 
64.500805 5460.000000 
64.527054 5460.000000 
64.553303 5289.000000 
64.579553 5451.000000 
64.605802 5562.000000 
64.632051 5568.000000 
64.658300 5534.000000 
64.684549 5398.000000 
64.710798 5328.000000 
64.737047 5325.000000 
64.763296 5477.000000 
64.789545 5352.000000 
64.815794 5480.000000 
64.842043 5424.000000 
64.868292 5414.000000 
64.894541 5437.000000 
64.920791 5256.000000 
64.947040 5424.000000 
64.973289 5318.000000 
64.999538 5442.000000 
65.025787 5420.000000 
65.052036 5482.000000 
65.078285 5457.000000 
65.104534 5348.000000 
65.130783 5475.000000 
65.157032 5545.000000 
65.183281 5377.000000 
65.209530 5426.000000 
65.235779 5398.000000 
65.262028 5438.000000 
65.288278 5408.000000 
65.314527 5342.000000 
65.340776 5356.000000 
65.367025 5411.000000 
65.393274 5404.000000 
65.419523 5441.000000 
65.445772 5438.000000 
65.472021 5522.000000 
65.498270 5420.000000 
65.524519 5470.000000 
65.550768 5479.000000 
65.577017 5337.000000 
65.603266 5468.000000 
65.629515 5497.000000 
65.655765 5333.000000 
65.682014 5576.000000 
65.708263 5469.000000 
65.734512 5383.000000 
65.760761 5376.000000 
65.787010 5421.000000 
65.813259 5477.000000 
65.839508 5508.000000 
65.865757 5435.000000 
65.892006 5537.000000 
65.918255 5506.000000 
65.944504 5373.000000 
65.970753 5552.000000 
65.997002 5559.000000 
66.023252 5363.000000 
66.049501 5354.000000 
66.075750 5525.000000 
66.101999 5499.000000 
66.128248 5452.000000 
66.154497 5446.000000 
66.180746 5426.000000 
66.206995 5445.000000 
66.233244 5459.000000 
66.259493 5367.000000 
66.285742 5566.000000 
66.311991 5438.000000 
66.338240 5493.000000 
66.364490 5441.000000 
66.390739 5330.000000 
66.416988 5503.000000 
66.443237 5490.000000 
66.469486 5548.000000 
66.495735 5423.000000 
66.521984 5345.000000 
66.548233 5341.000000 
66.574482 5455.000000 
66.600731 5366.000000 
66.626980 5342.000000 
66.653229 5460.000000 
66.679478 5514.000000 
66.705727 5587.000000 
66.731977 5518.000000 
66.758226 5393.000000 
66.784475 5395.000000 
66.810724 5431.000000 
66.836973 5454.000000 
66.863222 5458.000000 
66.889471 5531.000000 
66.915720 5378.000000 
66.941969 5565.000000 
66.968218 5466.000000 
66.994467 5343.000000 
67.020716 5464.000000 
67.046965 5417.000000 
67.073214 5412.000000 
67.099464 5411.000000 
67.125713 5403.000000 
67.151962 5450.000000 
67.178211 5470.000000 
67.204460 5503.000000 
67.230709 5335.000000 
67.256958 5476.000000 
67.283207 5498.000000 
67.309456 5399.000000 
67.335705 5381.000000 
67.361954 5492.000000 
67.388203 5566.000000 
67.414452 5404.000000 
67.440701 5459.000000 
67.466951 5464.000000 
67.493200 5435.000000 
67.519449 5577.000000 
67.545698 5593.000000 
67.571947 5435.000000 
67.598196 5541.000000 
67.624445 5432.000000 
67.650694 5344.000000 
67.676943 5432.000000 
67.703192 5474.000000 
67.729441 5397.000000 
67.755690 5553.000000 
67.781939 5538.000000 
67.808189 5503.000000 
67.834438 5497.000000 
67.860687 5551.000000 
67.886936 5645.000000 
67.913185 5527.000000 
67.939434 5505.000000 
67.965683 5442.000000 
67.991932 5408.000000 
68.018181 5508.000000 
68.044430 5606.000000 
68.070679 5605.000000 
68.096928 5553.000000 
68.123177 5613.000000 
68.149426 5379.000000 
68.175676 5558.000000 
68.201925 5456.000000 
68.228174 5477.000000 
68.254423 5530.000000 
68.280672 5415.000000 
68.306921 5598.000000 
68.333170 5410.000000 
68.359419 5389.000000 
68.385668 5517.000000 
68.411917 5626.000000 
68.438166 5473.000000 
68.464415 5385.000000 
68.490664 5504.000000 
68.516913 5587.000000 
68.543163 5393.000000 
68.569412 5676.000000 
68.595661 5401.000000 
68.621910 5469.000000 
68.648159 5487.000000 
68.674408 5469.000000 
68.700657 5549.000000 
68.726906 5420.000000 
68.753155 5401.000000 
68.779404 5614.000000 
68.805653 5555.000000 
68.831902 5539.000000 
68.858151 5295.000000 
68.884400 5492.000000 
68.910650 5422.000000 
68.936899 5431.000000 
68.963148 5608.000000 
68.989397 5417.000000 
69.015646 5452.000000 
69.041895 5480.000000 
69.068144 5543.000000 
69.094393 5487.000000 
69.120642 5499.000000 
69.146891 5439.000000 
69.173140 5534.000000 
69.199389 5468.000000 
69.225638 5508.000000 
69.251888 5461.000000 
69.278137 5434.000000 
69.304386 5452.000000 
69.330635 5407.000000 
69.356884 5441.000000 
69.383133 5402.000000 
69.409382 5417.000000 
69.435631 5564.000000 
69.461880 5502.000000 
69.488129 5497.000000 
69.514378 5310.000000 
69.540627 5488.000000 
69.566876 5341.000000 
69.593125 5367.000000 
69.619375 5449.000000 
69.645624 5614.000000 
69.671873 5538.000000 
69.698122 5470.000000 
69.724371 5514.000000 
69.750620 5438.000000 
69.776869 5570.000000 
69.803118 5359.000000 
69.829367 5437.000000 
69.855616 5540.000000 
69.881865 5380.000000 
69.908114 5490.000000 
69.934363 5554.000000 
69.960612 5421.000000 
