10.007730 4826.000000 
10.033979 5003.000000 
10.060228 4955.000000 
10.086477 4945.000000 
10.112727 4907.000000 
10.138976 4991.000000 
10.165225 4970.000000 
10.191474 4960.000000 
10.217723 4968.000000 
10.243972 4938.000000 
10.270221 5016.000000 
10.296470 5011.000000 
10.322719 4913.000000 
10.348968 5034.000000 
10.375217 4795.000000 
10.401466 5098.000000 
10.427715 4949.000000 
10.453965 4949.000000 
10.480214 4974.000000 
10.506463 4979.000000 
10.532712 4991.000000 
10.558961 4934.000000 
10.585210 5014.000000 
10.611459 5056.000000 
10.637708 5207.000000 
10.663957 5019.000000 
10.690206 5044.000000 
10.716455 5076.000000 
10.742704 5158.000000 
10.768953 4975.000000 
10.795202 5069.000000 
10.821452 4956.000000 
10.847701 5031.000000 
10.873950 4958.000000 
10.900199 5171.000000 
10.926448 5164.000000 
10.952697 5022.000000 
10.978946 5157.000000 
11.005195 5140.000000 
11.031444 5066.000000 
11.057693 5155.000000 
11.083942 5137.000000 
11.110191 5044.000000 
11.136440 5031.000000 
11.162689 5008.000000 
11.188939 5079.000000 
11.215188 5079.000000 
11.241437 5066.000000 
11.267686 5104.000000 
11.293935 5307.000000 
11.320184 5178.000000 
11.346433 5222.000000 
11.372682 5206.000000 
11.398931 5130.000000 
11.425180 5134.000000 
11.451429 5122.000000 
11.477678 5175.000000 
11.503927 5286.000000 
11.530177 5294.000000 
11.556426 5185.000000 
11.582675 5237.000000 
11.608924 5245.000000 
11.635173 5246.000000 
11.661422 5192.000000 
11.687671 5323.000000 
11.713920 5183.000000 
11.740169 5256.000000 
11.766418 5066.000000 
11.792667 5107.000000 
11.818916 5333.000000 
11.845165 5143.000000 
11.871414 5327.000000 
11.897664 5189.000000 
11.923913 5179.000000 
11.950162 5261.000000 
11.976411 5292.000000 
12.002660 5288.000000 
12.028909 5345.000000 
12.055158 5328.000000 
12.081407 5322.000000 
12.107656 5371.000000 
12.133905 5253.000000 
12.160154 5290.000000 
12.186403 5240.000000 
12.212652 5213.000000 
12.238901 5200.000000 
12.265151 5324.000000 
12.291400 5228.000000 
12.317649 5444.000000 
12.343898 5269.000000 
12.370147 5410.000000 
12.396396 5385.000000 
12.422645 5313.000000 
12.448894 5270.000000 
12.475143 5303.000000 
12.501392 5389.000000 
12.527641 5316.000000 
12.553890 5403.000000 
12.580139 5351.000000 
12.606388 5377.000000 
12.632638 5260.000000 
12.658887 5388.000000 
12.685136 5361.000000 
12.711385 5380.000000 
12.737634 5455.000000 
12.763883 5387.000000 
12.790132 5417.000000 
12.816381 5510.000000 
12.842630 5447.000000 
12.868879 5465.000000 
12.895128 5603.000000 
12.921377 5313.000000 
12.947626 5419.000000 
12.973876 5378.000000 
13.000125 5482.000000 
13.026374 5468.000000 
13.052623 5466.000000 
13.078872 5412.000000 
13.105121 5250.000000 
13.131370 5397.000000 
13.157619 5529.000000 
13.183868 5469.000000 
13.210117 5397.000000 
13.236366 5354.000000 
13.262615 5571.000000 
13.288864 5516.000000 
13.315113 5441.000000 
13.341363 5478.000000 
13.367612 5305.000000 
13.393861 5532.000000 
13.420110 5388.000000 
13.446359 5429.000000 
13.472608 5718.000000 
13.498857 5536.000000 
13.525106 5470.000000 
13.551355 5325.000000 
13.577604 5438.000000 
13.603853 5458.000000 
13.630102 5543.000000 
13.656351 5485.000000 
13.682600 5462.000000 
13.708850 5709.000000 
13.735099 5729.000000 
13.761348 5471.000000 
13.787597 5597.000000 
13.813846 5673.000000 
13.840095 5509.000000 
13.866344 5622.000000 
13.892593 5480.000000 
13.918842 5686.000000 
13.945091 5720.000000 
13.971340 5583.000000 
13.997589 5549.000000 
14.023838 5709.000000 
14.050087 5672.000000 
14.076337 5661.000000 
14.102586 5552.000000 
14.128835 5595.000000 
14.155084 5628.000000 
14.181333 5640.000000 
14.207582 5770.000000 
14.233831 5599.000000 
14.260080 5721.000000 
14.286329 5613.000000 
14.312578 5701.000000 
14.338827 5715.000000 
14.365076 5711.000000 
14.391325 5719.000000 
14.417575 5532.000000 
14.443824 5717.000000 
14.470073 5703.000000 
14.496322 5656.000000 
14.522571 5626.000000 
14.548820 5724.000000 
14.575069 5537.000000 
14.601318 5707.000000 
14.627567 5561.000000 
14.653816 5616.000000 
14.680065 5844.000000 
14.706314 5769.000000 
14.732563 5751.000000 
14.758812 5650.000000 
14.785062 5753.000000 
14.811311 5793.000000 
14.837560 5769.000000 
14.863809 5872.000000 
14.890058 5775.000000 
14.916307 5847.000000 
14.942556 5790.000000 
14.968805 5686.000000 
14.995054 5843.000000 
15.021303 5767.000000 
15.047552 5804.000000 
15.073801 5897.000000 
15.100050 5742.000000 
15.126299 5788.000000 
15.152549 5822.000000 
15.178798 5785.000000 
15.205047 5797.000000 
15.231296 5782.000000 
15.257545 5753.000000 
15.283794 5691.000000 
15.310043 5698.000000 
15.336292 5943.000000 
15.362541 5839.000000 
15.388790 5847.000000 
15.415039 5615.000000 
15.441288 5876.000000 
15.467537 5789.000000 
15.493786 6002.000000 
15.520036 5950.000000 
15.546285 5984.000000 
15.572534 5760.000000 
15.598783 5815.000000 
15.625032 5745.000000 
15.651281 5930.000000 
15.677530 5864.000000 
15.703779 5846.000000 
15.730028 5864.000000 
15.756277 5868.000000 
15.782526 5940.000000 
15.808775 5953.000000 
15.835024 5732.000000 
15.861274 5772.000000 
15.887523 5778.000000 
15.913772 5826.000000 
15.940021 5903.000000 
15.966270 5874.000000 
15.992519 5931.000000 
16.018768 5994.000000 
16.045017 5996.000000 
16.071266 5950.000000 
16.097515 5741.000000 
16.123764 5943.000000 
16.150013 6062.000000 
16.176262 6103.000000 
16.202511 5920.000000 
16.228761 5988.000000 
16.255010 6023.000000 
16.281259 5905.000000 
16.307508 5902.000000 
16.333757 5911.000000 
16.360006 6006.000000 
16.386255 5876.000000 
16.412504 5983.000000 
16.438753 6022.000000 
16.465002 6024.000000 
16.491251 6037.000000 
16.517500 6018.000000 
16.543749 5937.000000 
16.569998 5962.000000 
16.596248 5918.000000 
16.622497 6022.000000 
16.648746 6020.000000 
16.674995 6038.000000 
16.701244 5867.000000 
16.727493 5787.000000 
16.753742 6041.000000 
16.779991 6020.000000 
16.806240 6056.000000 
16.832489 5936.000000 
16.858738 6014.000000 
16.884987 5925.000000 
16.911236 6043.000000 
16.937485 5930.000000 
16.963735 6156.000000 
16.989984 6150.000000 
17.016233 5952.000000 
17.042482 6106.000000 
17.068731 5856.000000 
17.094980 6069.000000 
17.121229 6156.000000 
17.147478 6161.000000 
17.173727 5938.000000 
17.199976 6037.000000 
17.226225 6021.000000 
17.252474 6004.000000 
17.278723 5865.000000 
17.304973 6078.000000 
17.331222 6044.000000 
17.357471 6016.000000 
17.383720 6166.000000 
17.409969 6154.000000 
17.436218 6014.000000 
17.462467 6011.000000 
17.488716 6008.000000 
17.514965 6019.000000 
17.541214 5935.000000 
17.567463 6039.000000 
17.593712 6100.000000 
17.619961 5988.000000 
17.646210 6042.000000 
17.672460 6113.000000 
17.698709 6158.000000 
17.724958 5993.000000 
17.751207 6156.000000 
17.777456 6060.000000 
17.803705 6054.000000 
17.829954 6049.000000 
17.856203 6130.000000 
17.882452 6065.000000 
17.908701 6222.000000 
17.934950 5983.000000 
17.961199 6023.000000 
17.987448 6198.000000 
18.013697 6185.000000 
18.039947 6164.000000 
18.066196 6180.000000 
18.092445 6236.000000 
18.118694 6195.000000 
18.144943 6057.000000 
18.171192 6023.000000 
18.197441 6119.000000 
18.223690 6204.000000 
18.249939 6180.000000 
18.276188 6135.000000 
18.302437 6382.000000 
18.328686 6478.000000 
18.354935 6708.000000 
18.381184 6731.000000 
18.407434 7141.000000 
18.433683 7237.000000 
18.459932 7134.000000 
18.486181 6453.000000 
18.512430 6283.000000 
18.538679 6299.000000 
18.564928 6092.000000 
18.591177 6216.000000 
18.617426 6032.000000 
18.643675 6116.000000 
18.669924 6191.000000 
18.696173 6152.000000 
18.722422 6194.000000 
18.748672 6083.000000 
18.774921 6209.000000 
18.801170 6163.000000 
18.827419 6189.000000 
18.853668 6282.000000 
18.879917 6181.000000 
18.906166 6038.000000 
18.932415 6113.000000 
18.958664 6136.000000 
18.984913 6164.000000 
19.011162 6110.000000 
19.037411 6202.000000 
19.063660 6102.000000 
19.089909 6184.000000 
19.116159 6145.000000 
19.142408 6183.000000 
19.168657 5993.000000 
19.194906 6223.000000 
19.221155 6182.000000 
19.247404 6011.000000 
19.273653 6016.000000 
19.299902 6169.000000 
19.326151 6156.000000 
19.352400 6012.000000 
19.378649 6156.000000 
19.404898 6066.000000 
19.431147 6078.000000 
19.457396 6100.000000 
19.483646 6000.000000 
19.509895 6063.000000 
19.536144 6078.000000 
19.562393 6029.000000 
19.588642 6053.000000 
19.614891 6133.000000 
19.641140 6050.000000 
19.667389 6118.000000 
19.693638 6039.000000 
19.719887 6157.000000 
19.746136 6076.000000 
19.772385 6071.000000 
19.798634 6011.000000 
19.824883 6088.000000 
19.851133 6122.000000 
19.877382 6042.000000 
19.903631 6068.000000 
19.929880 6126.000000 
19.956129 6086.000000 
19.982378 5988.000000 
20.008627 5869.000000 
20.034876 6111.000000 
20.061125 6036.000000 
20.087374 6166.000000 
20.113623 6069.000000 
20.139872 6139.000000 
20.166121 6028.000000 
20.192371 6081.000000 
20.218620 6128.000000 
20.244869 6131.000000 
20.271118 5985.000000 
20.297367 6119.000000 
20.323616 6133.000000 
20.349865 6171.000000 
20.376114 6089.000000 
20.402363 6007.000000 
20.428612 5953.000000 
20.454861 6075.000000 
20.481110 6034.000000 
20.507359 6079.000000 
20.533608 6214.000000 
20.559858 6047.000000 
20.586107 6041.000000 
20.612356 5998.000000 
20.638605 5967.000000 
20.664854 6027.000000 
20.691103 6066.000000 
20.717352 6072.000000 
20.743601 6173.000000 
20.769850 5995.000000 
20.796099 6013.000000 
20.822348 6025.000000 
20.848597 6100.000000 
20.874846 6061.000000 
20.901095 6067.000000 
20.927345 6072.000000 
20.953594 6018.000000 
20.979843 6240.000000 
21.006092 6222.000000 
21.032341 6190.000000 
21.058590 6252.000000 
21.084839 6095.000000 
21.111088 6098.000000 
21.137337 6053.000000 
21.163586 6163.000000 
21.189835 6147.000000 
21.216084 6093.000000 
21.242333 6123.000000 
21.268582 6132.000000 
21.294832 5956.000000 
21.321081 6129.000000 
21.347330 6222.000000 
21.373579 6055.000000 
21.399828 6013.000000 
21.426077 5965.000000 
21.452326 6236.000000 
21.478575 6075.000000 
21.504824 6051.000000 
21.531073 6023.000000 
21.557322 6121.000000 
21.583571 6216.000000 
21.609820 6081.000000 
21.636070 6105.000000 
21.662319 6075.000000 
21.688568 6084.000000 
21.714817 5963.000000 
21.741066 6031.000000 
21.767315 6019.000000 
21.793564 5962.000000 
21.819813 5854.000000 
21.846062 6094.000000 
21.872311 6103.000000 
21.898560 6043.000000 
21.924809 6082.000000 
21.951058 6035.000000 
21.977307 5936.000000 
22.003557 6100.000000 
22.029806 5987.000000 
22.056055 6130.000000 
22.082304 5914.000000 
22.108553 6098.000000 
22.134802 5989.000000 
22.161051 5943.000000 
22.187300 6096.000000 
22.213549 6195.000000 
22.239798 6024.000000 
22.266047 6020.000000 
22.292296 5885.000000 
22.318545 6008.000000 
22.344794 6103.000000 
22.371044 5989.000000 
22.397293 6017.000000 
22.423542 5929.000000 
22.449791 5972.000000 
22.476040 5964.000000 
22.502289 6045.000000 
22.528538 5971.000000 
22.554787 5953.000000 
22.581036 6014.000000 
22.607285 6028.000000 
22.633534 6050.000000 
22.659783 6012.000000 
22.686032 6058.000000 
22.712281 6076.000000 
22.738531 5949.000000 
22.764780 5980.000000 
22.791029 6031.000000 
22.817278 5974.000000 
22.843527 5895.000000 
22.869776 6069.000000 
22.896025 6017.000000 
22.922274 6109.000000 
22.948523 6123.000000 
22.974772 6138.000000 
23.001021 6150.000000 
23.027270 6169.000000 
23.053519 6195.000000 
23.079769 6410.000000 
23.106018 6149.000000 
23.132267 6069.000000 
23.158516 6102.000000 
23.184765 6068.000000 
23.211014 6037.000000 
23.237263 6012.000000 
23.263512 5921.000000 
23.289761 5948.000000 
23.316010 6012.000000 
23.342259 6046.000000 
23.368508 6081.000000 
23.394757 5983.000000 
23.421006 6012.000000 
23.447256 6198.000000 
23.473505 6113.000000 
23.499754 6053.000000 
23.526003 6057.000000 
23.552252 5960.000000 
23.578501 6013.000000 
23.604750 5956.000000 
23.630999 6058.000000 
23.657248 5881.000000 
23.683497 5955.000000 
23.709746 6005.000000 
23.735995 5990.000000 
23.762244 5976.000000 
23.788493 5912.000000 
23.814743 5956.000000 
23.840992 6041.000000 
23.867241 6113.000000 
23.893490 6115.000000 
23.919739 5928.000000 
23.945988 5891.000000 
23.972237 6053.000000 
23.998486 6079.000000 
24.024735 6015.000000 
24.050984 6038.000000 
24.077233 6187.000000 
24.103482 6000.000000 
24.129731 6006.000000 
24.155981 6025.000000 
24.182230 6132.000000 
24.208479 6336.000000 
24.234728 6153.000000 
24.260977 6155.000000 
24.287226 6167.000000 
24.313475 6205.000000 
24.339724 6237.000000 
24.365973 6099.000000 
24.392222 6110.000000 
24.418471 6161.000000 
24.444720 6147.000000 
24.470969 6149.000000 
24.497218 6065.000000 
24.523468 5993.000000 
24.549717 6069.000000 
24.575966 6147.000000 
24.602215 6143.000000 
24.628464 6057.000000 
24.654713 6098.000000 
24.680962 5942.000000 
24.707211 5984.000000 
24.733460 5920.000000 
24.759709 6152.000000 
24.785958 6009.000000 
24.812207 6088.000000 
24.838456 5987.000000 
24.864705 6100.000000 
24.890955 6068.000000 
24.917204 5895.000000 
24.943453 6009.000000 
24.969702 5909.000000 
24.995951 5991.000000 
25.022200 6038.000000 
25.048449 6007.000000 
25.074698 6117.000000 
25.100947 5970.000000 
25.127196 6067.000000 
25.153445 6160.000000 
25.179694 6137.000000 
25.205943 5970.000000 
25.232192 5963.000000 
25.258442 5899.000000 
25.284691 6069.000000 
25.310940 6067.000000 
25.337189 6240.000000 
25.363438 5929.000000 
25.389687 6037.000000 
25.415936 6007.000000 
25.442185 6008.000000 
25.468434 6015.000000 
25.494683 6081.000000 
25.520932 6169.000000 
25.547181 6012.000000 
25.573430 6071.000000 
25.599680 5981.000000 
25.625929 6078.000000 
25.652178 5928.000000 
25.678427 5951.000000 
25.704676 6055.000000 
25.730925 6122.000000 
25.757174 6029.000000 
25.783423 6208.000000 
25.809672 5876.000000 
25.835921 6087.000000 
25.862170 6092.000000 
25.888419 6069.000000 
25.914668 5967.000000 
25.940917 5944.000000 
25.967167 6179.000000 
25.993416 6047.000000 
26.019665 6093.000000 
26.045914 6151.000000 
26.072163 6159.000000 
26.098412 5919.000000 
26.124661 6044.000000 
26.150910 6086.000000 
26.177159 6151.000000 
26.203408 6110.000000 
26.229657 5963.000000 
26.255906 6046.000000 
26.282155 5922.000000 
26.308404 6105.000000 
26.334654 6130.000000 
26.360903 6008.000000 
26.387152 6074.000000 
26.413401 6187.000000 
26.439650 6084.000000 
26.465899 6053.000000 
26.492148 6124.000000 
26.518397 6185.000000 
26.544646 6093.000000 
26.570895 6059.000000 
26.597144 6041.000000 
26.623393 6149.000000 
26.649642 6166.000000 
26.675891 6171.000000 
26.702141 6303.000000 
26.728390 6534.000000 
26.754639 6580.000000 
26.780888 6472.000000 
26.807137 6364.000000 
26.833386 6327.000000 
26.859635 6049.000000 
26.885884 6202.000000 
26.912133 6059.000000 
26.938382 6213.000000 
26.964631 5990.000000 
26.990880 6048.000000 
27.017129 6003.000000 
27.043379 6008.000000 
27.069628 6101.000000 
27.095877 5984.000000 
27.122126 6122.000000 
27.148375 6167.000000 
27.174624 6114.000000 
27.200873 6134.000000 
27.227122 6055.000000 
27.253371 6058.000000 
27.279620 5941.000000 
27.305869 6102.000000 
27.332118 6077.000000 
27.358367 5925.000000 
27.384616 6085.000000 
27.410866 6066.000000 
27.437115 6059.000000 
27.463364 6041.000000 
27.489613 6058.000000 
27.515862 6138.000000 
27.542111 6146.000000 
27.568360 5939.000000 
27.594609 6093.000000 
27.620858 6185.000000 
27.647107 5935.000000 
27.673356 6022.000000 
27.699605 6187.000000 
27.725854 6067.000000 
27.752103 6121.000000 
27.778353 6178.000000 
27.804602 6129.000000 
27.830851 6040.000000 
27.857100 6158.000000 
27.883349 6026.000000 
27.909598 5989.000000 
27.935847 6058.000000 
27.962096 6106.000000 
27.988345 5979.000000 
28.014594 6104.000000 
28.040843 6259.000000 
28.067092 6197.000000 
28.093341 6146.000000 
28.119590 6011.000000 
28.145840 6089.000000 
28.172089 6140.000000 
28.198338 6039.000000 
28.224587 6087.000000 
28.250836 6033.000000 
28.277085 6097.000000 
28.303334 6154.000000 
28.329583 6020.000000 
28.355832 6199.000000 
28.382081 6068.000000 
28.408330 5917.000000 
28.434579 5901.000000 
28.460828 5992.000000 
28.487078 5903.000000 
28.513327 6061.000000 
28.539576 6106.000000 
28.565825 6051.000000 
28.592074 6083.000000 
28.618323 6226.000000 
28.644572 6206.000000 
28.670821 6001.000000 
28.697070 6068.000000 
28.723319 6110.000000 
28.749568 6018.000000 
28.775817 5983.000000 
28.802066 5816.000000 
28.828315 6101.000000 
28.854565 6080.000000 
28.880814 6061.000000 
28.907063 6045.000000 
28.933312 6064.000000 
28.959561 6098.000000 
28.985810 6034.000000 
29.012059 5963.000000 
29.038308 6088.000000 
29.064557 6080.000000 
29.090806 6128.000000 
29.117055 6069.000000 
29.143304 6080.000000 
29.169553 6053.000000 
29.195802 6114.000000 
29.222052 6123.000000 
29.248301 6075.000000 
29.274550 6139.000000 
29.300799 5943.000000 
29.327048 6013.000000 
29.353297 6015.000000 
29.379546 6246.000000 
29.405795 6272.000000 
29.432044 5950.000000 
29.458293 6095.000000 
29.484542 5973.000000 
29.510791 6036.000000 
29.537040 6135.000000 
29.563289 5917.000000 
29.589539 6116.000000 
29.615788 6336.000000 
29.642037 6038.000000 
29.668286 6026.000000 
29.694535 6275.000000 
29.720784 6154.000000 
29.747033 6117.000000 
29.773282 6214.000000 
29.799531 6278.000000 
29.825780 6254.000000 
29.852029 6291.000000 
29.878278 6434.000000 
29.904527 6272.000000 
29.930777 6285.000000 
29.957026 6278.000000 
29.983275 6161.000000 
30.009524 6293.000000 
30.035773 6326.000000 
30.062022 6358.000000 
30.088271 6533.000000 
30.114520 6826.000000 
30.140769 7448.000000 
30.167018 8253.000000 
30.193267 9111.000000 
30.219516 9106.000000 
30.245765 8757.000000 
30.272014 8449.000000 
30.298264 7890.000000 
30.324513 7332.000000 
30.350762 6955.000000 
30.377011 6547.000000 
30.403260 6445.000000 
30.429509 6301.000000 
30.455758 6265.000000 
30.482007 6276.000000 
30.508256 6052.000000 
30.534505 6278.000000 
30.560754 6110.000000 
30.587003 6247.000000 
30.613252 6049.000000 
30.639501 5944.000000 
30.665751 5922.000000 
30.692000 6090.000000 
30.718249 6059.000000 
30.744498 6099.000000 
30.770747 6057.000000 
30.796996 6092.000000 
30.823245 6118.000000 
30.849494 6056.000000 
30.875743 6012.000000 
30.901992 6010.000000 
30.928241 5930.000000 
30.954490 6016.000000 
30.980739 6072.000000 
31.006988 6013.000000 
31.033238 6186.000000 
31.059487 6037.000000 
31.085736 5985.000000 
31.111985 6100.000000 
31.138234 6098.000000 
31.164483 5922.000000 
31.190732 5957.000000 
31.216981 6078.000000 
31.243230 5982.000000 
31.269479 6003.000000 
31.295728 6058.000000 
31.321977 6139.000000 
31.348226 6078.000000 
31.374476 6010.000000 
31.400725 5992.000000 
31.426974 6006.000000 
31.453223 6016.000000 
31.479472 6016.000000 
31.505721 6084.000000 
31.531970 6148.000000 
31.558219 5948.000000 
31.584468 6102.000000 
31.610717 6064.000000 
31.636966 6093.000000 
31.663215 6013.000000 
31.689464 6132.000000 
31.715713 5976.000000 
31.741963 5992.000000 
31.768212 5994.000000 
31.794461 5917.000000 
31.820710 5988.000000 
31.846959 6091.000000 
31.873208 6117.000000 
31.899457 6020.000000 
31.925706 6127.000000 
31.951955 6060.000000 
31.978204 6099.000000 
32.004453 5950.000000 
32.030702 5971.000000 
32.056951 6087.000000 
32.083200 6044.000000 
32.109450 5969.000000 
32.135699 5981.000000 
32.161948 6116.000000 
32.188197 6073.000000 
32.214446 6097.000000 
32.240695 5961.000000 
32.266944 6112.000000 
32.293193 6056.000000 
32.319442 5928.000000 
32.345691 5929.000000 
32.371940 6155.000000 
32.398189 6125.000000 
32.424438 6083.000000 
32.450687 5965.000000 
32.476937 5958.000000 
32.503186 5903.000000 
32.529435 6165.000000 
32.555684 6045.000000 
32.581933 6067.000000 
32.608182 6085.000000 
32.634431 6015.000000 
32.660680 6070.000000 
32.686929 6153.000000 
32.713178 6089.000000 
32.739427 6019.000000 
32.765676 6130.000000 
32.791925 6245.000000 
32.818175 5981.000000 
32.844424 6277.000000 
32.870673 6001.000000 
32.896922 6058.000000 
32.923171 5975.000000 
32.949420 6082.000000 
32.975669 6005.000000 
33.001918 6229.000000 
33.028167 5946.000000 
33.054416 6004.000000 
33.080665 6108.000000 
33.106914 6048.000000 
33.133163 6128.000000 
33.159412 6184.000000 
33.185662 6142.000000 
33.211911 6097.000000 
33.238160 6472.000000 
33.264409 6344.000000 
33.290658 6437.000000 
33.316907 6179.000000 
33.343156 6260.000000 
33.369405 6134.000000 
33.395654 6118.000000 
33.421903 5932.000000 
33.448152 6103.000000 
33.474401 6043.000000 
33.500650 5970.000000 
33.526899 6077.000000 
33.553149 5999.000000 
33.579398 5976.000000 
33.605647 5844.000000 
33.631896 6025.000000 
33.658145 5977.000000 
33.684394 5852.000000 
33.710643 5876.000000 
33.736892 5903.000000 
33.763141 6078.000000 
33.789390 5922.000000 
33.815639 6025.000000 
33.841888 6079.000000 
33.868137 6021.000000 
33.894386 5945.000000 
33.920636 6074.000000 
33.946885 5978.000000 
33.973134 5933.000000 
33.999383 6040.000000 
34.025632 6024.000000 
34.051881 6077.000000 
34.078130 5944.000000 
34.104379 5894.000000 
34.130628 6014.000000 
34.156877 5927.000000 
34.183126 6053.000000 
34.209375 6132.000000 
34.235624 6050.000000 
34.261874 5975.000000 
34.288123 6020.000000 
34.314372 6109.000000 
34.340621 6064.000000 
34.366870 6032.000000 
34.393119 6181.000000 
34.419368 5998.000000 
34.445617 6159.000000 
34.471866 6080.000000 
34.498115 5932.000000 
34.524364 5987.000000 
34.550613 6065.000000 
34.576862 5840.000000 
34.603111 5977.000000 
34.629361 6052.000000 
34.655610 6037.000000 
34.681859 5955.000000 
34.708108 5997.000000 
34.734357 6003.000000 
34.760606 6043.000000 
34.786855 6131.000000 
34.813104 6036.000000 
34.839353 6084.000000 
34.865602 6052.000000 
34.891851 6239.000000 
34.918100 5938.000000 
34.944349 5946.000000 
34.970598 5991.000000 
34.996848 6160.000000 
35.023097 6173.000000 
35.049346 6049.000000 
35.075595 6098.000000 
35.101844 6108.000000 
35.128093 6121.000000 
35.154342 6068.000000 
35.180591 6146.000000 
35.206840 6132.000000 
35.233089 6333.000000 
35.259338 6360.000000 
35.285587 6399.000000 
35.311836 6468.000000 
35.338085 6586.000000 
35.364335 6855.000000 
35.390584 7026.000000 
35.416833 7512.000000 
35.443082 8235.000000 
35.469331 9597.000000 
35.495580 11500.000000 
35.521829 14564.000000 
35.548078 17005.000000 
35.574327 16604.000000 
35.600576 15122.000000 
35.626825 14286.000000 
35.653074 13340.000000 
35.679323 11631.000000 
35.705573 9731.000000 
35.731822 8808.000000 
35.758071 7893.000000 
35.784320 7490.000000 
35.810569 7287.000000 
35.836818 6729.000000 
35.863067 6858.000000 
35.889316 6511.000000 
35.915565 6350.000000 
35.941814 6505.000000 
35.968063 6388.000000 
35.994312 6053.000000 
36.020561 6253.000000 
36.046810 6265.000000 
36.073060 6207.000000 
36.099309 6112.000000 
36.125558 6175.000000 
36.151807 6186.000000 
36.178056 6161.000000 
36.204305 6107.000000 
36.230554 6052.000000 
36.256803 6012.000000 
36.283052 6145.000000 
36.309301 6005.000000 
36.335550 6022.000000 
36.361799 6083.000000 
36.388048 6066.000000 
36.414297 6021.000000 
36.440547 6061.000000 
36.466796 6042.000000 
36.493045 6019.000000 
36.519294 6016.000000 
36.545543 6055.000000 
36.571792 6061.000000 
36.598041 6096.000000 
36.624290 6022.000000 
36.650539 6045.000000 
36.676788 5995.000000 
36.703037 6134.000000 
36.729286 6071.000000 
36.755535 6083.000000 
36.781785 5937.000000 
36.808034 6010.000000 
36.834283 6216.000000 
36.860532 6097.000000 
36.886781 6039.000000 
36.913030 6115.000000 
36.939279 6057.000000 
36.965528 6138.000000 
36.991777 6039.000000 
37.018026 6081.000000 
37.044275 6153.000000 
37.070524 6176.000000 
37.096773 6144.000000 
37.123022 6477.000000 
37.149272 6512.000000 
37.175521 6881.000000 
37.201770 6760.000000 
37.228019 6583.000000 
37.254268 6503.000000 
37.280517 6533.000000 
37.306766 6414.000000 
37.333015 6285.000000 
37.359264 6365.000000 
37.385513 6012.000000 
37.411762 6136.000000 
37.438011 6069.000000 
37.464260 6087.000000 
37.490509 6056.000000 
37.516759 6028.000000 
37.543008 5912.000000 
37.569257 5981.000000 
37.595506 5993.000000 
37.621755 6000.000000 
37.648004 6037.000000 
37.674253 6101.000000 
37.700502 6072.000000 
37.726751 6078.000000 
37.753000 6169.000000 
37.779249 5848.000000 
37.805498 5981.000000 
37.831747 5978.000000 
37.857996 5979.000000 
37.884246 6030.000000 
37.910495 5982.000000 
37.936744 6098.000000 
37.962993 5969.000000 
37.989242 6016.000000 
38.015491 5884.000000 
38.041740 5967.000000 
38.067989 5862.000000 
38.094238 5930.000000 
38.120487 5895.000000 
38.146736 6027.000000 
38.172985 5839.000000 
38.199234 5848.000000 
38.225484 6080.000000 
38.251733 6137.000000 
38.277982 5821.000000 
38.304231 6065.000000 
38.330480 5969.000000 
38.356729 5951.000000 
38.382978 5932.000000 
38.409227 5968.000000 
38.435476 6080.000000 
38.461725 5999.000000 
38.487974 5960.000000 
38.514223 6083.000000 
38.540472 6119.000000 
38.566721 5886.000000 
38.592971 5988.000000 
38.619220 5823.000000 
38.645469 5944.000000 
38.671718 5838.000000 
38.697967 6057.000000 
38.724216 6028.000000 
38.750465 6165.000000 
38.776714 6137.000000 
38.802963 6258.000000 
38.829212 6220.000000 
38.855461 6190.000000 
38.881710 6290.000000 
38.907959 6292.000000 
38.934208 6289.000000 
38.960458 6037.000000 
38.986707 6133.000000 
39.012956 5986.000000 
39.039205 6060.000000 
39.065454 6166.000000 
39.091703 5971.000000 
39.117952 5942.000000 
39.144201 5985.000000 
39.170450 5981.000000 
39.196699 5926.000000 
39.222948 6006.000000 
39.249197 5950.000000 
39.275446 5827.000000 
39.301695 5898.000000 
39.327945 6072.000000 
39.354194 6047.000000 
39.380443 5926.000000 
39.406692 5825.000000 
39.432941 6025.000000 
39.459190 6067.000000 
39.485439 6011.000000 
39.511688 5909.000000 
39.537937 5776.000000 
39.564186 5981.000000 
39.590435 6053.000000 
39.616684 5897.000000 
39.642933 5857.000000 
39.669183 5934.000000 
39.695432 5818.000000 
39.721681 5908.000000 
39.747930 5976.000000 
39.774179 6029.000000 
39.800428 5866.000000 
39.826677 5859.000000 
39.852926 5875.000000 
39.879175 5899.000000 
39.905424 5854.000000 
39.931673 5843.000000 
39.957922 5951.000000 
39.984171 5950.000000 
40.010420 5935.000000 
40.036670 5872.000000 
40.062919 5982.000000 
40.089168 5740.000000 
40.115417 6018.000000 
40.141666 5855.000000 
40.167915 5845.000000 
40.194164 5945.000000 
40.220413 5901.000000 
40.246662 5922.000000 
40.272911 5869.000000 
40.299160 5941.000000 
40.325409 5944.000000 
40.351658 5940.000000 
40.377907 6013.000000 
40.404157 6072.000000 
40.430406 6033.000000 
40.456655 5946.000000 
40.482904 6010.000000 
40.509153 6120.000000 
40.535402 6076.000000 
40.561651 5863.000000 
40.587900 6009.000000 
40.614149 6068.000000 
40.640398 5964.000000 
40.666647 5931.000000 
40.692896 5989.000000 
40.719145 5964.000000 
40.745394 6039.000000 
40.771644 6009.000000 
40.797893 5919.000000 
40.824142 6042.000000 
40.850391 6028.000000 
40.876640 6017.000000 
40.902889 5959.000000 
40.929138 6036.000000 
40.955387 6138.000000 
40.981636 6088.000000 
41.007885 6099.000000 
41.034134 5934.000000 
41.060383 6047.000000 
41.086632 5940.000000 
41.112882 5987.000000 
41.139131 6059.000000 
41.165380 5973.000000 
41.191629 5902.000000 
41.217878 6076.000000 
41.244127 6045.000000 
41.270376 6011.000000 
41.296625 5772.000000 
41.322874 6044.000000 
41.349123 5880.000000 
41.375372 5923.000000 
41.401621 6028.000000 
41.427870 6140.000000 
41.454119 5934.000000 
41.480369 5963.000000 
41.506618 6096.000000 
41.532867 6003.000000 
41.559116 5807.000000 
41.585365 5925.000000 
41.611614 5863.000000 
41.637863 6080.000000 
41.664112 6098.000000 
41.690361 5978.000000 
41.716610 6007.000000 
41.742859 5976.000000 
41.769108 6003.000000 
41.795357 6059.000000 
41.821606 6065.000000 
41.847856 5934.000000 
41.874105 5985.000000 
41.900354 6135.000000 
41.926603 6118.000000 
41.952852 6026.000000 
41.979101 5932.000000 
42.005350 6019.000000 
42.031599 6133.000000 
42.057848 6044.000000 
42.084097 5996.000000 
42.110346 5963.000000 
42.136595 5982.000000 
42.162844 5837.000000 
42.189093 6034.000000 
42.215343 5999.000000 
42.241592 5876.000000 
42.267841 6046.000000 
42.294090 6004.000000 
42.320339 6019.000000 
42.346588 6027.000000 
42.372837 5929.000000 
42.399086 6062.000000 
42.425335 5940.000000 
42.451584 5953.000000 
42.477833 6023.000000 
42.504082 6126.000000 
42.530331 5997.000000 
42.556581 6050.000000 
42.582830 5982.000000 
42.609079 5959.000000 
42.635328 6148.000000 
42.661577 6009.000000 
42.687826 6125.000000 
42.714075 6040.000000 
42.740324 6002.000000 
42.766573 6077.000000 
42.792822 6155.000000 
42.819071 5941.000000 
42.845320 6153.000000 
42.871569 6156.000000 
42.897818 6020.000000 
42.924068 6242.000000 
42.950317 6073.000000 
42.976566 6204.000000 
43.002815 6092.000000 
43.029064 6203.000000 
43.055313 6459.000000 
43.081562 6647.000000 
43.107811 6925.000000 
43.134060 7596.000000 
43.160309 8232.000000 
43.186558 8376.000000 
43.212807 8309.000000 
43.239056 7819.000000 
43.265305 7711.000000 
43.291555 7617.000000 
43.317804 7372.000000 
43.344053 6897.000000 
43.370302 6666.000000 
43.396551 6413.000000 
43.422800 6233.000000 
43.449049 6293.000000 
43.475298 6205.000000 
43.501547 6104.000000 
43.527796 6144.000000 
43.554045 6129.000000 
43.580294 6025.000000 
43.606543 6051.000000 
43.632792 6029.000000 
43.659042 6028.000000 
43.685291 5934.000000 
43.711540 5990.000000 
43.737789 5898.000000 
43.764038 5892.000000 
43.790287 5950.000000 
43.816536 5995.000000 
43.842785 6053.000000 
43.869034 5873.000000 
43.895283 6032.000000 
43.921532 5941.000000 
43.947781 5994.000000 
43.974030 6024.000000 
44.000280 5908.000000 
44.026529 5860.000000 
44.052778 6069.000000 
44.079027 5967.000000 
44.105276 5870.000000 
44.131525 5926.000000 
44.157774 5896.000000 
44.184023 5832.000000 
44.210272 5968.000000 
44.236521 5785.000000 
44.262770 5940.000000 
44.289019 5956.000000 
44.315268 6021.000000 
44.341517 6026.000000 
44.367767 5915.000000 
44.394016 5949.000000 
44.420265 5920.000000 
44.446514 6023.000000 
44.472763 5924.000000 
44.499012 6006.000000 
44.525261 5959.000000 
44.551510 5870.000000 
44.577759 6016.000000 
44.604008 5974.000000 
44.630257 5877.000000 
44.656506 6118.000000 
44.682755 5944.000000 
44.709004 5908.000000 
44.735254 6049.000000 
44.761503 5897.000000 
44.787752 5939.000000 
44.814001 5812.000000 
44.840250 6071.000000 
44.866499 6134.000000 
44.892748 5933.000000 
44.918997 6038.000000 
44.945246 5860.000000 
44.971495 5971.000000 
44.997744 6022.000000 
45.023993 6014.000000 
45.050242 6090.000000 
45.076491 5920.000000 
45.102741 5938.000000 
45.128990 5991.000000 
45.155239 5963.000000 
45.181488 6047.000000 
45.207737 5927.000000 
45.233986 5843.000000 
45.260235 5897.000000 
45.286484 6117.000000 
45.312733 5962.000000 
45.338982 5914.000000 
45.365231 5945.000000 
45.391480 5791.000000 
45.417729 5891.000000 
45.443979 5926.000000 
45.470228 5882.000000 
45.496477 5995.000000 
45.522726 6031.000000 
45.548975 5834.000000 
45.575224 5960.000000 
45.601473 5933.000000 
45.627722 5987.000000 
45.653971 6016.000000 
45.680220 5956.000000 
45.706469 5929.000000 
45.732718 5992.000000 
45.758967 6004.000000 
45.785216 5943.000000 
45.811466 5940.000000 
45.837715 5921.000000 
45.863964 6059.000000 
45.890213 5864.000000 
45.916462 5906.000000 
45.942711 5917.000000 
45.968960 6088.000000 
45.995209 5978.000000 
46.021458 6015.000000 
46.047707 5858.000000 
46.073956 5813.000000 
46.100205 5932.000000 
46.126454 5956.000000 
46.152703 5864.000000 
46.178953 5906.000000 
46.205202 5938.000000 
46.231451 6005.000000 
46.257700 5942.000000 
46.283949 5929.000000 
46.310198 5886.000000 
46.336447 5790.000000 
46.362696 6067.000000 
46.388945 5919.000000 
46.415194 6031.000000 
46.441443 5923.000000 
46.467692 5925.000000 
46.493941 5886.000000 
46.520190 5866.000000 
46.546440 6012.000000 
46.572689 5891.000000 
46.598938 5963.000000 
46.625187 5873.000000 
46.651436 5976.000000 
46.677685 5990.000000 
46.703934 5915.000000 
46.730183 5914.000000 
46.756432 5789.000000 
46.782681 5882.000000 
46.808930 5858.000000 
46.835179 5926.000000 
46.861428 5896.000000 
46.887678 5901.000000 
46.913927 5861.000000 
46.940176 5688.000000 
46.966425 5971.000000 
46.992674 5984.000000 
47.018923 5936.000000 
47.045172 5944.000000 
47.071421 5849.000000 
47.097670 5934.000000 
47.123919 5880.000000 
47.150168 5977.000000 
47.176417 5860.000000 
47.202666 5909.000000 
47.228915 5971.000000 
47.255165 5984.000000 
47.281414 5868.000000 
47.307663 5902.000000 
47.333912 6016.000000 
47.360161 6058.000000 
47.386410 5924.000000 
47.412659 5986.000000 
47.438908 5931.000000 
47.465157 5741.000000 
47.491406 5833.000000 
47.517655 5891.000000 
47.543904 5904.000000 
47.570153 5805.000000 
47.596402 5856.000000 
47.622652 5866.000000 
47.648901 5882.000000 
47.675150 5903.000000 
47.701399 5822.000000 
47.727648 5850.000000 
47.753897 5997.000000 
47.780146 5849.000000 
47.806395 5874.000000 
47.832644 5917.000000 
47.858893 5820.000000 
47.885142 6050.000000 
47.911391 5901.000000 
47.937640 5858.000000 
47.963889 5964.000000 
47.990139 6023.000000 
48.016388 5799.000000 
48.042637 5836.000000 
48.068886 5937.000000 
48.095135 5841.000000 
48.121384 5818.000000 
48.147633 5881.000000 
48.173882 5948.000000 
48.200131 5911.000000 
48.226380 5913.000000 
48.252629 5910.000000 
48.278878 5846.000000 
48.305127 5793.000000 
48.331377 5855.000000 
48.357626 5910.000000 
48.383875 5845.000000 
48.410124 5739.000000 
48.436373 6099.000000 
48.462622 5880.000000 
48.488871 5839.000000 
48.515120 5860.000000 
48.541369 5945.000000 
48.567618 5986.000000 
48.593867 5910.000000 
48.620116 5791.000000 
48.646365 5937.000000 
48.672614 5827.000000 
48.698864 5876.000000 
48.725113 5801.000000 
48.751362 5916.000000 
48.777611 6018.000000 
48.803860 6120.000000 
48.830109 5895.000000 
48.856358 5872.000000 
48.882607 5964.000000 
48.908856 5986.000000 
48.935105 5961.000000 
48.961354 5947.000000 
48.987603 5975.000000 
49.013852 5784.000000 
49.040101 5988.000000 
49.066351 5841.000000 
49.092600 5937.000000 
49.118849 6031.000000 
49.145098 5835.000000 
49.171347 5996.000000 
49.197596 5933.000000 
49.223845 5793.000000 
49.250094 5999.000000 
49.276343 6000.000000 
49.302592 5814.000000 
49.328841 5852.000000 
49.355090 5963.000000 
49.381339 5880.000000 
49.407589 5949.000000 
49.433838 5887.000000 
49.460087 5977.000000 
49.486336 5797.000000 
49.512585 5916.000000 
49.538834 6087.000000 
49.565083 6058.000000 
49.591332 5927.000000 
49.617581 6127.000000 
49.643830 6108.000000 
49.670079 6010.000000 
49.696328 6043.000000 
49.722577 5821.000000 
49.748826 5997.000000 
49.775076 5895.000000 
49.801325 5869.000000 
49.827574 5796.000000 
49.853823 5929.000000 
49.880072 5949.000000 
49.906321 5900.000000 
49.932570 5848.000000 
49.958819 5965.000000 
49.985068 5906.000000 
50.011317 5957.000000 
50.037566 5881.000000 
50.063815 5874.000000 
50.090064 5832.000000 
50.116313 5850.000000 
50.142563 5978.000000 
50.168812 5899.000000 
50.195061 5986.000000 
50.221310 6079.000000 
50.247559 5952.000000 
50.273808 5847.000000 
50.300057 5988.000000 
50.326306 5941.000000 
50.352555 6025.000000 
50.378804 5837.000000 
50.405053 5813.000000 
50.431302 5875.000000 
50.457551 5869.000000 
50.483800 5881.000000 
50.510050 5746.000000 
50.536299 6003.000000 
50.562548 6002.000000 
50.588797 5920.000000 
50.615046 5966.000000 
50.641295 5852.000000 
50.667544 5786.000000 
50.693793 5863.000000 
50.720042 5888.000000 
50.746291 5891.000000 
50.772540 5978.000000 
50.798789 5733.000000 
50.825038 5956.000000 
50.851288 5905.000000 
50.877537 5832.000000 
50.903786 5923.000000 
50.930035 6036.000000 
50.956284 5974.000000 
50.982533 5902.000000 
51.008782 5950.000000 
51.035031 5923.000000 
51.061280 6059.000000 
51.087529 6040.000000 
51.113778 6013.000000 
51.140027 5878.000000 
51.166276 5819.000000 
51.192525 5799.000000 
51.218775 5897.000000 
51.245024 5913.000000 
51.271273 5842.000000 
51.297522 5870.000000 
51.323771 5884.000000 
51.350020 6014.000000 
51.376269 5889.000000 
51.402518 5930.000000 
51.428767 5986.000000 
51.455016 5870.000000 
51.481265 5853.000000 
51.507514 5862.000000 
51.533763 5924.000000 
51.560012 5827.000000 
51.586262 6005.000000 
51.612511 6018.000000 
51.638760 5897.000000 
51.665009 5925.000000 
51.691258 5964.000000 
51.717507 5931.000000 
51.743756 5952.000000 
51.770005 5795.000000 
51.796254 5957.000000 
51.822503 5810.000000 
51.848752 5880.000000 
51.875001 5857.000000 
51.901250 5845.000000 
51.927499 5728.000000 
51.953749 5923.000000 
51.979998 5908.000000 
52.006247 5941.000000 
52.032496 5887.000000 
52.058745 5910.000000 
52.084994 5976.000000 
52.111243 5772.000000 
52.137492 5836.000000 
52.163741 5884.000000 
52.189990 5857.000000 
52.216239 5905.000000 
52.242488 5922.000000 
52.268737 5907.000000 
52.294987 5882.000000 
52.321236 5932.000000 
52.347485 5879.000000 
52.373734 5954.000000 
52.399983 6021.000000 
52.426232 5924.000000 
52.452481 5918.000000 
52.478730 5845.000000 
52.504979 5895.000000 
52.531228 5782.000000 
52.557477 5874.000000 
52.583726 5836.000000 
52.609975 5841.000000 
52.636224 6059.000000 
52.662474 5735.000000 
52.688723 5962.000000 
52.714972 5692.000000 
52.741221 5855.000000 
52.767470 5885.000000 
52.793719 6021.000000 
52.819968 5772.000000 
52.846217 5991.000000 
52.872466 5993.000000 
52.898715 5995.000000 
52.924964 5798.000000 
52.951213 5977.000000 
52.977462 6035.000000 
53.003711 5910.000000 
53.029961 5754.000000 
53.056210 5889.000000 
53.082459 5860.000000 
53.108708 5847.000000 
53.134957 6024.000000 
53.161206 5827.000000 
53.187455 5832.000000 
53.213704 5845.000000 
53.239953 5925.000000 
53.266202 5876.000000 
53.292451 5954.000000 
53.318700 5951.000000 
53.344949 5888.000000 
53.371198 5881.000000 
53.397448 6093.000000 
53.423697 5949.000000 
53.449946 6185.000000 
53.476195 6351.000000 
53.502444 6619.000000 
53.528693 6878.000000 
53.554942 6597.000000 
53.581191 6612.000000 
53.607440 6510.000000 
53.633689 6485.000000 
53.659938 6542.000000 
53.686187 6424.000000 
53.712436 6336.000000 
53.738686 6086.000000 
53.764935 6182.000000 
53.791184 6010.000000 
53.817433 5905.000000 
53.843682 5851.000000 
53.869931 5977.000000 
53.896180 5979.000000 
53.922429 6034.000000 
53.948678 5869.000000 
53.974927 5896.000000 
54.001176 5990.000000 
54.027425 5878.000000 
54.053674 5922.000000 
54.079923 5907.000000 
54.106173 6059.000000 
54.132422 5977.000000 
54.158671 6043.000000 
54.184920 6028.000000 
54.211169 5921.000000 
54.237418 5884.000000 
54.263667 6019.000000 
54.289916 6047.000000 
54.316165 5951.000000 
54.342414 5960.000000 
54.368663 5869.000000 
54.394912 5792.000000 
54.421161 5913.000000 
54.447410 5881.000000 
54.473660 5942.000000 
54.499909 5798.000000 
54.526158 5880.000000 
54.552407 5777.000000 
54.578656 5883.000000 
54.604905 5942.000000 
54.631154 5860.000000 
54.657403 5872.000000 
54.683652 5863.000000 
54.709901 5935.000000 
54.736150 5809.000000 
54.762399 5789.000000 
54.788648 5929.000000 
54.814897 5958.000000 
54.841147 5940.000000 
54.867396 5736.000000 
54.893645 5990.000000 
54.919894 5835.000000 
54.946143 5828.000000 
54.972392 6045.000000 
54.998641 6031.000000 
55.024890 5913.000000 
55.051139 5878.000000 
55.077388 5939.000000 
55.103637 5957.000000 
55.129886 5885.000000 
55.156135 5887.000000 
55.182385 5962.000000 
55.208634 5899.000000 
55.234883 5711.000000 
55.261132 6020.000000 
55.287381 5964.000000 
55.313630 5924.000000 
55.339879 5910.000000 
55.366128 6094.000000 
55.392377 5929.000000 
55.418626 5837.000000 
55.444875 5928.000000 
55.471124 5900.000000 
55.497373 5760.000000 
55.523622 6003.000000 
55.549872 5870.000000 
55.576121 5961.000000 
55.602370 5946.000000 
55.628619 5928.000000 
55.654868 5888.000000 
55.681117 5981.000000 
55.707366 5943.000000 
55.733615 5979.000000 
55.759864 6022.000000 
55.786113 5772.000000 
55.812362 5913.000000 
55.838611 5906.000000 
55.864860 5826.000000 
55.891109 5821.000000 
55.917359 5811.000000 
55.943608 5978.000000 
55.969857 6008.000000 
55.996106 5826.000000 
56.022355 5809.000000 
56.048604 5864.000000 
56.074853 5874.000000 
56.101102 5761.000000 
56.127351 6027.000000 
56.153600 6045.000000 
56.179849 6084.000000 
56.206098 5945.000000 
56.232347 5966.000000 
56.258596 5910.000000 
56.284846 5990.000000 
56.311095 5896.000000 
56.337344 5799.000000 
56.363593 5745.000000 
56.389842 5931.000000 
56.416091 5962.000000 
56.442340 5994.000000 
56.468589 5942.000000 
56.494838 5890.000000 
56.521087 6027.000000 
56.547336 5970.000000 
56.573585 6049.000000 
56.599834 5950.000000 
56.626084 5804.000000 
56.652333 5881.000000 
56.678582 5985.000000 
56.704831 6032.000000 
56.731080 6019.000000 
56.757329 6041.000000 
56.783578 6048.000000 
56.809827 6033.000000 
56.836076 5988.000000 
56.862325 6245.000000 
56.888574 6233.000000 
56.914823 6372.000000 
56.941072 6458.000000 
56.967321 6851.000000 
56.993571 7279.000000 
57.019820 8063.000000 
57.046069 8736.000000 
57.072318 8577.000000 
57.098567 8143.000000 
57.124816 7864.000000 
57.151065 7683.000000 
57.177314 7798.000000 
57.203563 7712.000000 
57.229812 7334.000000 
57.256061 7108.000000 
57.282310 6906.000000 
57.308559 6489.000000 
57.334808 6436.000000 
57.361058 6298.000000 
57.387307 6108.000000 
57.413556 6083.000000 
57.439805 6308.000000 
57.466054 6011.000000 
57.492303 5832.000000 
57.518552 6061.000000 
57.544801 6022.000000 
57.571050 5910.000000 
57.597299 5996.000000 
57.623548 6109.000000 
57.649797 6079.000000 
57.676046 6067.000000 
57.702295 5907.000000 
57.728545 5799.000000 
57.754794 5964.000000 
57.781043 5910.000000 
57.807292 6098.000000 
57.833541 5884.000000 
57.859790 5973.000000 
57.886039 5798.000000 
57.912288 5861.000000 
57.938537 5907.000000 
57.964786 5871.000000 
57.991035 5939.000000 
58.017284 5804.000000 
58.043533 5786.000000 
58.069783 5840.000000 
58.096032 5940.000000 
58.122281 5902.000000 
58.148530 5892.000000 
58.174779 5954.000000 
58.201028 5907.000000 
58.227277 5765.000000 
58.253526 5760.000000 
58.279775 5910.000000 
58.306024 5899.000000 
58.332273 5966.000000 
58.358522 5840.000000 
58.384771 5804.000000 
58.411020 6030.000000 
58.437270 6031.000000 
58.463519 5788.000000 
58.489768 5868.000000 
58.516017 5978.000000 
58.542266 5833.000000 
58.568515 5753.000000 
58.594764 5919.000000 
58.621013 5848.000000 
58.647262 5819.000000 
58.673511 5935.000000 
58.699760 5838.000000 
58.726009 5792.000000 
58.752258 5946.000000 
58.778507 5829.000000 
58.804757 5841.000000 
58.831006 5880.000000 
58.857255 5716.000000 
58.883504 5732.000000 
58.909753 5896.000000 
58.936002 5762.000000 
58.962251 5705.000000 
58.988500 5697.000000 
59.014749 5678.000000 
59.040998 5940.000000 
59.067247 5822.000000 
59.093496 5886.000000 
59.119745 5700.000000 
59.145994 5758.000000 
59.172244 5865.000000 
59.198493 5771.000000 
59.224742 5846.000000 
59.250991 5928.000000 
59.277240 5800.000000 
59.303489 5847.000000 
59.329738 5749.000000 
59.355987 5918.000000 
59.382236 5819.000000 
59.408485 5873.000000 
59.434734 5725.000000 
59.460983 5764.000000 
59.487232 5866.000000 
59.513482 5845.000000 
59.539731 5880.000000 
59.565980 5913.000000 
59.592229 5822.000000 
59.618478 5920.000000 
59.644727 5933.000000 
59.670976 5936.000000 
59.697225 5955.000000 
59.723474 5925.000000 
59.749723 5836.000000 
59.775972 5779.000000 
59.802221 5803.000000 
59.828470 5875.000000 
59.854719 5939.000000 
59.880969 5882.000000 
59.907218 5811.000000 
59.933467 5841.000000 
59.959716 5838.000000 
59.985965 5806.000000 
60.012214 6001.000000 
60.038463 6006.000000 
60.064712 5827.000000 
60.090961 5880.000000 
60.117210 6055.000000 
60.143459 5741.000000 
60.169708 6003.000000 
60.195957 5973.000000 
60.222206 5845.000000 
60.248456 5934.000000 
60.274705 5881.000000 
60.300954 5928.000000 
60.327203 5782.000000 
60.353452 5922.000000 
60.379701 5848.000000 
60.405950 5950.000000 
60.432199 5879.000000 
60.458448 5928.000000 
60.484697 5858.000000 
60.510946 5906.000000 
60.537195 5883.000000 
60.563444 5900.000000 
60.589693 5870.000000 
60.615943 5819.000000 
60.642192 5803.000000 
60.668441 5893.000000 
60.694690 6067.000000 
60.720939 5970.000000 
60.747188 5872.000000 
60.773437 5893.000000 
60.799686 6010.000000 
60.825935 5905.000000 
60.852184 5832.000000 
60.878433 5947.000000 
60.904682 5902.000000 
60.930931 5908.000000 
60.957181 5921.000000 
60.983430 5943.000000 
61.009679 5766.000000 
61.035928 5850.000000 
61.062177 6017.000000 
61.088426 5868.000000 
61.114675 5827.000000 
61.140924 5879.000000 
61.167173 5966.000000 
61.193422 5828.000000 
61.219671 5827.000000 
61.245920 5877.000000 
61.272169 5938.000000 
61.298418 5834.000000 
61.324668 5958.000000 
61.350917 5868.000000 
61.377166 6061.000000 
61.403415 6088.000000 
61.429664 5784.000000 
61.455913 5986.000000 
61.482162 5936.000000 
61.508411 5838.000000 
61.534660 5933.000000 
61.560909 5989.000000 
61.587158 5849.000000 
61.613407 6012.000000 
61.639656 6005.000000 
61.665905 5987.000000 
61.692155 5887.000000 
61.718404 5947.000000 
61.744653 5899.000000 
61.770902 5907.000000 
61.797151 5868.000000 
61.823400 5962.000000 
61.849649 5942.000000 
61.875898 5944.000000 
61.902147 5974.000000 
61.928396 5894.000000 
61.954645 5887.000000 
61.980894 5904.000000 
62.007143 5867.000000 
62.033393 5873.000000 
62.059642 5847.000000 
62.085891 5994.000000 
62.112140 5866.000000 
62.138389 5830.000000 
62.164638 5937.000000 
62.190887 5920.000000 
62.217136 5716.000000 
62.243385 5915.000000 
62.269634 5971.000000 
62.295883 6085.000000 
62.322132 6025.000000 
62.348381 6204.000000 
62.374630 6115.000000 
62.400880 6219.000000 
62.427129 6414.000000 
62.453378 6345.000000 
62.479627 6415.000000 
62.505876 6761.000000 
62.532125 6879.000000 
62.558374 7269.000000 
62.584623 7813.000000 
62.610872 8589.000000 
62.637121 8832.000000 
62.663370 8666.000000 
62.689619 8113.000000 
62.715868 7970.000000 
62.742117 7934.000000 
62.768367 7951.000000 
62.794616 8010.000000 
62.820865 7746.000000 
62.847114 7624.000000 
62.873363 7276.000000 
62.899612 6935.000000 
62.925861 6668.000000 
62.952110 6563.000000 
62.978359 6390.000000 
63.004608 6353.000000 
63.030857 6255.000000 
63.057106 6095.000000 
63.083355 6118.000000 
63.109604 6184.000000 
63.135854 6047.000000 
63.162103 6072.000000 
63.188352 6003.000000 
63.214601 6084.000000 
63.240850 5941.000000 
63.267099 6101.000000 
63.293348 6087.000000 
63.319597 6105.000000 
63.345846 5823.000000 
63.372095 5882.000000 
63.398344 5937.000000 
63.424593 5902.000000 
63.450842 5937.000000 
63.477092 6001.000000 
63.503341 5916.000000 
63.529590 5976.000000 
63.555839 5957.000000 
63.582088 6036.000000 
63.608337 5885.000000 
63.634586 5943.000000 
63.660835 5880.000000 
63.687084 5996.000000 
63.713333 5821.000000 
63.739582 5956.000000 
63.765831 5965.000000 
63.792080 5729.000000 
63.818329 6002.000000 
63.844579 5862.000000 
63.870828 5960.000000 
63.897077 5781.000000 
63.923326 5873.000000 
63.949575 5864.000000 
63.975824 5925.000000 
64.002073 5959.000000 
64.028322 5948.000000 
64.054571 5999.000000 
64.080820 5998.000000 
64.107069 5812.000000 
64.133318 5940.000000 
64.159567 5895.000000 
64.185816 6040.000000 
64.212066 6063.000000 
64.238315 5963.000000 
64.264564 5926.000000 
64.290813 5721.000000 
64.317062 5970.000000 
64.343311 5962.000000 
64.369560 5880.000000 
64.395809 5798.000000 
64.422058 6060.000000 
64.448307 5956.000000 
64.474556 5924.000000 
64.500805 5850.000000 
64.527054 5949.000000 
64.553303 5874.000000 
64.579553 5806.000000 
64.605802 5943.000000 
64.632051 5826.000000 
64.658300 5978.000000 
64.684549 5987.000000 
64.710798 5989.000000 
64.737047 6012.000000 
64.763296 5795.000000 
64.789545 5836.000000 
64.815794 6026.000000 
64.842043 5740.000000 
64.868292 5909.000000 
64.894541 5851.000000 
64.920791 5800.000000 
64.947040 5789.000000 
64.973289 5829.000000 
64.999538 5698.000000 
65.025787 5867.000000 
65.052036 5977.000000 
65.078285 5788.000000 
65.104534 5857.000000 
65.130783 5910.000000 
65.157032 5838.000000 
65.183281 5900.000000 
65.209530 5867.000000 
65.235779 5812.000000 
65.262028 5968.000000 
65.288278 5933.000000 
65.314527 5833.000000 
65.340776 5984.000000 
65.367025 5845.000000 
65.393274 5880.000000 
65.419523 5958.000000 
65.445772 5883.000000 
65.472021 5798.000000 
65.498270 5978.000000 
65.524519 6017.000000 
65.550768 5745.000000 
65.577017 5750.000000 
65.603266 5836.000000 
65.629515 5902.000000 
65.655765 5846.000000 
65.682014 5813.000000 
65.708263 5782.000000 
65.734512 5863.000000 
65.760761 6004.000000 
65.787010 5907.000000 
65.813259 5917.000000 
65.839508 5831.000000 
65.865757 5992.000000 
65.892006 5813.000000 
65.918255 6022.000000 
65.944504 6006.000000 
65.970753 6082.000000 
65.997002 5883.000000 
66.023252 5848.000000 
66.049501 5720.000000 
66.075750 5946.000000 
66.101999 5936.000000 
66.128248 5886.000000 
66.154497 5926.000000 
66.180746 5922.000000 
66.206995 5871.000000 
66.233244 5907.000000 
66.259493 5920.000000 
66.285742 5856.000000 
66.311991 5794.000000 
66.338240 5858.000000 
66.364490 5889.000000 
66.390739 6059.000000 
66.416988 6064.000000 
66.443237 5955.000000 
66.469486 5971.000000 
66.495735 5976.000000 
66.521984 5857.000000 
66.548233 5843.000000 
66.574482 5986.000000 
66.600731 5857.000000 
66.626980 5755.000000 
66.653229 5846.000000 
66.679478 5789.000000 
66.705727 5798.000000 
66.731977 5974.000000 
66.758226 5792.000000 
66.784475 5922.000000 
66.810724 6057.000000 
66.836973 5907.000000 
66.863222 5986.000000 
66.889471 5811.000000 
66.915720 5920.000000 
66.941969 5760.000000 
66.968218 6004.000000 
66.994467 5782.000000 
67.020716 5806.000000 
67.046965 6021.000000 
67.073214 5915.000000 
67.099464 5852.000000 
67.125713 5750.000000 
67.151962 5880.000000 
67.178211 5931.000000 
67.204460 5969.000000 
67.230709 5822.000000 
67.256958 5945.000000 
67.283207 5967.000000 
67.309456 5972.000000 
67.335705 5754.000000 
67.361954 5766.000000 
67.388203 5883.000000 
67.414452 5915.000000 
67.440701 5874.000000 
67.466951 5864.000000 
67.493200 5993.000000 
67.519449 5894.000000 
67.545698 5864.000000 
67.571947 5778.000000 
67.598196 5890.000000 
67.624445 5913.000000 
67.650694 5927.000000 
67.676943 5873.000000 
67.703192 5853.000000 
67.729441 5878.000000 
67.755690 5907.000000 
67.781939 5992.000000 
67.808189 5998.000000 
67.834438 5870.000000 
67.860687 5920.000000 
67.886936 5932.000000 
67.913185 5931.000000 
67.939434 5917.000000 
67.965683 5878.000000 
67.991932 5982.000000 
68.018181 6007.000000 
68.044430 5965.000000 
68.070679 5847.000000 
68.096928 5843.000000 
68.123177 5896.000000 
68.149426 5974.000000 
68.175676 5887.000000 
68.201925 5898.000000 
68.228174 5973.000000 
68.254423 6009.000000 
68.280672 5797.000000 
68.306921 5968.000000 
68.333170 5734.000000 
68.359419 5783.000000 
68.385668 5888.000000 
68.411917 5772.000000 
68.438166 5937.000000 
68.464415 6031.000000 
68.490664 6032.000000 
68.516913 6108.000000 
68.543163 5817.000000 
68.569412 5901.000000 
68.595661 5962.000000 
68.621910 5826.000000 
68.648159 5713.000000 
68.674408 5956.000000 
68.700657 5922.000000 
68.726906 5902.000000 
68.753155 5736.000000 
68.779404 5963.000000 
68.805653 5986.000000 
68.831902 5842.000000 
68.858151 5856.000000 
68.884400 5862.000000 
68.910650 5887.000000 
68.936899 5716.000000 
68.963148 5822.000000 
68.989397 5886.000000 
69.015646 5931.000000 
69.041895 5748.000000 
69.068144 5895.000000 
69.094393 5902.000000 
69.120642 5910.000000 
69.146891 5889.000000 
69.173140 5926.000000 
69.199389 6030.000000 
69.225638 5953.000000 
69.251888 5854.000000 
69.278137 5938.000000 
69.304386 5924.000000 
69.330635 6042.000000 
69.356884 5832.000000 
69.383133 5877.000000 
69.409382 5909.000000 
69.435631 5848.000000 
69.461880 5956.000000 
69.488129 5987.000000 
69.514378 5971.000000 
69.540627 5842.000000 
69.566876 5813.000000 
69.593125 5857.000000 
69.619375 5875.000000 
69.645624 5978.000000 
69.671873 6037.000000 
69.698122 5786.000000 
69.724371 5821.000000 
69.750620 5863.000000 
69.776869 5994.000000 
69.803118 5876.000000 
69.829367 5972.000000 
69.855616 5933.000000 
69.881865 5987.000000 
69.908114 5873.000000 
69.934363 5898.000000 
69.960612 5873.000000 
