10.007730 4984.000000 
10.033979 4985.000000 
10.060228 4914.000000 
10.086477 5076.000000 
10.112727 4980.000000 
10.138976 4943.000000 
10.165225 4935.000000 
10.191474 4931.000000 
10.217723 4965.000000 
10.243972 4929.000000 
10.270221 4893.000000 
10.296470 4814.000000 
10.322719 5016.000000 
10.348968 5025.000000 
10.375217 5023.000000 
10.401466 4947.000000 
10.427715 4882.000000 
10.453965 4926.000000 
10.480214 4964.000000 
10.506463 5012.000000 
10.532712 4835.000000 
10.558961 4902.000000 
10.585210 4879.000000 
10.611459 5034.000000 
10.637708 5081.000000 
10.663957 5017.000000 
10.690206 4917.000000 
10.716455 5003.000000 
10.742704 5060.000000 
10.768953 5175.000000 
10.795202 5083.000000 
10.821452 4887.000000 
10.847701 4988.000000 
10.873950 4948.000000 
10.900199 4830.000000 
10.926448 4943.000000 
10.952697 5062.000000 
10.978946 5115.000000 
11.005195 4931.000000 
11.031444 4958.000000 
11.057693 5057.000000 
11.083942 5237.000000 
11.110191 5025.000000 
11.136440 5071.000000 
11.162689 5089.000000 
11.188939 5182.000000 
11.215188 5049.000000 
11.241437 5096.000000 
11.267686 5079.000000 
11.293935 5151.000000 
11.320184 5201.000000 
11.346433 4980.000000 
11.372682 5085.000000 
11.398931 5119.000000 
11.425180 5156.000000 
11.451429 5087.000000 
11.477678 5037.000000 
11.503927 5126.000000 
11.530177 5042.000000 
11.556426 5096.000000 
11.582675 5102.000000 
11.608924 5082.000000 
11.635173 5078.000000 
11.661422 5075.000000 
11.687671 5180.000000 
11.713920 5045.000000 
11.740169 5192.000000 
11.766418 5163.000000 
11.792667 5196.000000 
11.818916 5086.000000 
11.845165 5143.000000 
11.871414 5169.000000 
11.897664 5058.000000 
11.923913 5175.000000 
11.950162 5180.000000 
11.976411 5228.000000 
12.002660 5232.000000 
12.028909 5158.000000 
12.055158 5252.000000 
12.081407 5290.000000 
12.107656 5218.000000 
12.133905 5149.000000 
12.160154 5155.000000 
12.186403 5197.000000 
12.212652 5198.000000 
12.238901 5071.000000 
12.265151 5322.000000 
12.291400 5371.000000 
12.317649 5148.000000 
12.343898 5118.000000 
12.370147 5023.000000 
12.396396 5194.000000 
12.422645 5170.000000 
12.448894 5143.000000 
12.475143 5211.000000 
12.501392 5118.000000 
12.527641 5234.000000 
12.553890 5070.000000 
12.580139 5169.000000 
12.606388 5279.000000 
12.632638 5309.000000 
12.658887 5211.000000 
12.685136 5201.000000 
12.711385 5238.000000 
12.737634 5115.000000 
12.763883 5380.000000 
12.790132 5277.000000 
12.816381 5170.000000 
12.842630 5251.000000 
12.868879 5139.000000 
12.895128 5176.000000 
12.921377 5181.000000 
12.947626 5193.000000 
12.973876 5258.000000 
13.000125 5166.000000 
13.026374 5187.000000 
13.052623 5163.000000 
13.078872 5280.000000 
13.105121 5290.000000 
13.131370 5274.000000 
13.157619 5322.000000 
13.183868 5111.000000 
13.210117 5341.000000 
13.236366 5244.000000 
13.262615 5179.000000 
13.288864 5262.000000 
13.315113 5358.000000 
13.341363 5361.000000 
13.367612 5318.000000 
13.393861 5232.000000 
13.420110 5214.000000 
13.446359 5296.000000 
13.472608 5240.000000 
13.498857 5268.000000 
13.525106 5272.000000 
13.551355 5248.000000 
13.577604 5273.000000 
13.603853 5281.000000 
13.630102 5322.000000 
13.656351 5236.000000 
13.682600 5273.000000 
13.708850 5247.000000 
13.735099 5271.000000 
13.761348 5215.000000 
13.787597 5143.000000 
13.813846 5273.000000 
13.840095 5306.000000 
13.866344 5226.000000 
13.892593 5250.000000 
13.918842 5206.000000 
13.945091 5418.000000 
13.971340 5278.000000 
13.997589 5342.000000 
14.023838 5350.000000 
14.050087 5303.000000 
14.076337 5152.000000 
14.102586 5193.000000 
14.128835 5216.000000 
14.155084 5338.000000 
14.181333 5424.000000 
14.207582 5303.000000 
14.233831 5360.000000 
14.260080 5353.000000 
14.286329 5352.000000 
14.312578 5324.000000 
14.338827 5223.000000 
14.365076 5255.000000 
14.391325 5417.000000 
14.417575 5252.000000 
14.443824 5396.000000 
14.470073 5435.000000 
14.496322 5274.000000 
14.522571 5381.000000 
14.548820 5395.000000 
14.575069 5263.000000 
14.601318 5237.000000 
14.627567 5260.000000 
14.653816 5306.000000 
14.680065 5204.000000 
14.706314 5286.000000 
14.732563 5386.000000 
14.758812 5254.000000 
14.785062 5432.000000 
14.811311 5371.000000 
14.837560 5225.000000 
14.863809 5351.000000 
14.890058 5374.000000 
14.916307 5178.000000 
14.942556 5189.000000 
14.968805 5365.000000 
14.995054 5349.000000 
15.021303 5173.000000 
15.047552 5537.000000 
15.073801 5499.000000 
15.100050 5450.000000 
15.126299 5408.000000 
15.152549 5416.000000 
15.178798 5274.000000 
15.205047 5368.000000 
15.231296 5294.000000 
15.257545 5431.000000 
15.283794 5214.000000 
15.310043 5464.000000 
15.336292 5340.000000 
15.362541 5422.000000 
15.388790 5331.000000 
15.415039 5404.000000 
15.441288 5462.000000 
15.467537 5332.000000 
15.493786 5372.000000 
15.520036 5392.000000 
15.546285 5271.000000 
15.572534 5311.000000 
15.598783 5367.000000 
15.625032 5413.000000 
15.651281 5470.000000 
15.677530 5415.000000 
15.703779 5474.000000 
15.730028 5254.000000 
15.756277 5456.000000 
15.782526 5283.000000 
15.808775 5380.000000 
15.835024 5337.000000 
15.861274 5340.000000 
15.887523 5376.000000 
15.913772 5415.000000 
15.940021 5310.000000 
15.966270 5190.000000 
15.992519 5284.000000 
16.018768 5428.000000 
16.045017 5563.000000 
16.071266 5348.000000 
16.097515 5423.000000 
16.123764 5595.000000 
16.150013 5397.000000 
16.176262 5349.000000 
16.202511 5528.000000 
16.228761 5401.000000 
16.255010 5306.000000 
16.281259 5269.000000 
16.307508 5322.000000 
16.333757 5258.000000 
16.360006 5212.000000 
16.386255 5394.000000 
16.412504 5326.000000 
16.438753 5507.000000 
16.465002 5459.000000 
16.491251 5405.000000 
16.517500 5271.000000 
16.543749 5460.000000 
16.569998 5405.000000 
16.596248 5456.000000 
16.622497 5411.000000 
16.648746 5334.000000 
16.674995 5382.000000 
16.701244 5367.000000 
16.727493 5427.000000 
16.753742 5303.000000 
16.779991 5521.000000 
16.806240 5236.000000 
16.832489 5413.000000 
16.858738 5290.000000 
16.884987 5309.000000 
16.911236 5282.000000 
16.937485 5407.000000 
16.963735 5452.000000 
16.989984 5428.000000 
17.016233 5312.000000 
17.042482 5354.000000 
17.068731 5438.000000 
17.094980 5339.000000 
17.121229 5349.000000 
17.147478 5316.000000 
17.173727 5429.000000 
17.199976 5412.000000 
17.226225 5379.000000 
17.252474 5306.000000 
17.278723 5489.000000 
17.304973 5420.000000 
17.331222 5343.000000 
17.357471 5301.000000 
17.383720 5469.000000 
17.409969 5318.000000 
17.436218 5487.000000 
17.462467 5355.000000 
17.488716 5471.000000 
17.514965 5475.000000 
17.541214 5413.000000 
17.567463 5360.000000 
17.593712 5337.000000 
17.619961 5270.000000 
17.646210 5330.000000 
17.672460 5335.000000 
17.698709 5257.000000 
17.724958 5409.000000 
17.751207 5411.000000 
17.777456 5465.000000 
17.803705 5434.000000 
17.829954 5353.000000 
17.856203 5445.000000 
17.882452 5265.000000 
17.908701 5328.000000 
17.934950 5428.000000 
17.961199 5348.000000 
17.987448 5361.000000 
18.013697 5428.000000 
18.039947 5326.000000 
18.066196 5326.000000 
18.092445 5449.000000 
18.118694 5369.000000 
18.144943 5316.000000 
18.171192 5520.000000 
18.197441 5419.000000 
18.223690 5359.000000 
18.249939 5495.000000 
18.276188 5631.000000 
18.302437 5584.000000 
18.328686 5716.000000 
18.354935 5706.000000 
18.381184 5877.000000 
18.407434 6140.000000 
18.433683 6292.000000 
18.459932 6090.000000 
18.486181 5862.000000 
18.512430 5868.000000 
18.538679 5640.000000 
18.564928 5498.000000 
18.591177 5398.000000 
18.617426 5488.000000 
18.643675 5533.000000 
18.669924 5441.000000 
18.696173 5587.000000 
18.722422 5624.000000 
18.748672 5436.000000 
18.774921 5359.000000 
18.801170 5553.000000 
18.827419 5643.000000 
18.853668 5583.000000 
18.879917 5555.000000 
18.906166 5488.000000 
18.932415 5421.000000 
18.958664 5542.000000 
18.984913 5453.000000 
19.011162 5498.000000 
19.037411 5335.000000 
19.063660 5345.000000 
19.089909 5430.000000 
19.116159 5466.000000 
19.142408 5451.000000 
19.168657 5402.000000 
19.194906 5526.000000 
19.221155 5426.000000 
19.247404 5417.000000 
19.273653 5327.000000 
19.299902 5383.000000 
19.326151 5346.000000 
19.352400 5428.000000 
19.378649 5286.000000 
19.404898 5516.000000 
19.431147 5452.000000 
19.457396 5387.000000 
19.483646 5301.000000 
19.509895 5345.000000 
19.536144 5371.000000 
19.562393 5475.000000 
19.588642 5423.000000 
19.614891 5280.000000 
19.641140 5340.000000 
19.667389 5439.000000 
19.693638 5366.000000 
19.719887 5338.000000 
19.746136 5460.000000 
19.772385 5428.000000 
19.798634 5489.000000 
19.824883 5319.000000 
19.851133 5324.000000 
19.877382 5401.000000 
19.903631 5358.000000 
19.929880 5469.000000 
19.956129 5478.000000 
19.982378 5350.000000 
20.008627 5413.000000 
20.034876 5297.000000 
20.061125 5487.000000 
20.087374 5454.000000 
20.113623 5541.000000 
20.139872 5378.000000 
20.166121 5373.000000 
20.192371 5332.000000 
20.218620 5348.000000 
20.244869 5422.000000 
20.271118 5349.000000 
20.297367 5244.000000 
20.323616 5290.000000 
20.349865 5418.000000 
20.376114 5416.000000 
20.402363 5419.000000 
20.428612 5296.000000 
20.454861 5481.000000 
20.481110 5471.000000 
20.507359 5456.000000 
20.533608 5332.000000 
20.559858 5364.000000 
20.586107 5325.000000 
20.612356 5370.000000 
20.638605 5345.000000 
20.664854 5312.000000 
20.691103 5402.000000 
20.717352 5700.000000 
20.743601 5451.000000 
20.769850 5432.000000 
20.796099 5418.000000 
20.822348 5499.000000 
20.848597 5459.000000 
20.874846 5472.000000 
20.901095 5395.000000 
20.927345 5494.000000 
20.953594 5606.000000 
20.979843 5368.000000 
21.006092 5530.000000 
21.032341 5479.000000 
21.058590 5477.000000 
21.084839 5392.000000 
21.111088 5506.000000 
21.137337 5538.000000 
21.163586 5392.000000 
21.189835 5441.000000 
21.216084 5321.000000 
21.242333 5425.000000 
21.268582 5380.000000 
21.294832 5520.000000 
21.321081 5428.000000 
21.347330 5396.000000 
21.373579 5488.000000 
21.399828 5336.000000 
21.426077 5411.000000 
21.452326 5456.000000 
21.478575 5420.000000 
21.504824 5532.000000 
21.531073 5405.000000 
21.557322 5450.000000 
21.583571 5400.000000 
21.609820 5327.000000 
21.636070 5346.000000 
21.662319 5369.000000 
21.688568 5514.000000 
21.714817 5402.000000 
21.741066 5515.000000 
21.767315 5494.000000 
21.793564 5512.000000 
21.819813 5233.000000 
21.846062 5429.000000 
21.872311 5470.000000 
21.898560 5456.000000 
21.924809 5389.000000 
21.951058 5534.000000 
21.977307 5458.000000 
22.003557 5323.000000 
22.029806 5431.000000 
22.056055 5324.000000 
22.082304 5431.000000 
22.108553 5423.000000 
22.134802 5432.000000 
22.161051 5417.000000 
22.187300 5432.000000 
22.213549 5400.000000 
22.239798 5473.000000 
22.266047 5254.000000 
22.292296 5367.000000 
22.318545 5365.000000 
22.344794 5421.000000 
22.371044 5381.000000 
22.397293 5284.000000 
22.423542 5396.000000 
22.449791 5452.000000 
22.476040 5532.000000 
22.502289 5354.000000 
22.528538 5378.000000 
22.554787 5506.000000 
22.581036 5297.000000 
22.607285 5425.000000 
22.633534 5392.000000 
22.659783 5339.000000 
22.686032 5494.000000 
22.712281 5405.000000 
22.738531 5379.000000 
22.764780 5359.000000 
22.791029 5419.000000 
22.817278 5417.000000 
22.843527 5378.000000 
22.869776 5412.000000 
22.896025 5442.000000 
22.922274 5380.000000 
22.948523 5404.000000 
22.974772 5447.000000 
23.001021 5567.000000 
23.027270 5656.000000 
23.053519 5388.000000 
23.079769 5516.000000 
23.106018 5707.000000 
23.132267 5536.000000 
23.158516 5550.000000 
23.184765 5398.000000 
23.211014 5480.000000 
23.237263 5379.000000 
23.263512 5436.000000 
23.289761 5510.000000 
23.316010 5458.000000 
23.342259 5264.000000 
23.368508 5459.000000 
23.394757 5547.000000 
23.421006 5392.000000 
23.447256 5443.000000 
23.473505 5492.000000 
23.499754 5516.000000 
23.526003 5470.000000 
23.552252 5392.000000 
23.578501 5438.000000 
23.604750 5370.000000 
23.630999 5395.000000 
23.657248 5431.000000 
23.683497 5393.000000 
23.709746 5400.000000 
23.735995 5474.000000 
23.762244 5360.000000 
23.788493 5274.000000 
23.814743 5467.000000 
23.840992 5516.000000 
23.867241 5501.000000 
23.893490 5327.000000 
23.919739 5370.000000 
23.945988 5468.000000 
23.972237 5491.000000 
23.998486 5233.000000 
24.024735 5473.000000 
24.050984 5346.000000 
24.077233 5370.000000 
24.103482 5476.000000 
24.129731 5474.000000 
24.155981 5456.000000 
24.182230 5440.000000 
24.208479 5471.000000 
24.234728 5375.000000 
24.260977 5425.000000 
24.287226 5459.000000 
24.313475 5479.000000 
24.339724 5490.000000 
24.365973 5393.000000 
24.392222 5543.000000 
24.418471 5519.000000 
24.444720 5465.000000 
24.470969 5408.000000 
24.497218 5393.000000 
24.523468 5546.000000 
24.549717 5512.000000 
24.575966 5369.000000 
24.602215 5310.000000 
24.628464 5355.000000 
24.654713 5458.000000 
24.680962 5379.000000 
24.707211 5258.000000 
24.733460 5448.000000 
24.759709 5347.000000 
24.785958 5394.000000 
24.812207 5304.000000 
24.838456 5520.000000 
24.864705 5470.000000 
24.890955 5456.000000 
24.917204 5334.000000 
24.943453 5296.000000 
24.969702 5476.000000 
24.995951 5440.000000 
25.022200 5393.000000 
25.048449 5485.000000 
25.074698 5379.000000 
25.100947 5324.000000 
25.127196 5447.000000 
25.153445 5370.000000 
25.179694 5396.000000 
25.205943 5308.000000 
25.232192 5526.000000 
25.258442 5441.000000 
25.284691 5369.000000 
25.310940 5460.000000 
25.337189 5466.000000 
25.363438 5462.000000 
25.389687 5475.000000 
25.415936 5518.000000 
25.442185 5477.000000 
25.468434 5484.000000 
25.494683 5333.000000 
25.520932 5304.000000 
25.547181 5438.000000 
25.573430 5294.000000 
25.599680 5356.000000 
25.625929 5416.000000 
25.652178 5473.000000 
25.678427 5415.000000 
25.704676 5452.000000 
25.730925 5444.000000 
25.757174 5433.000000 
25.783423 5391.000000 
25.809672 5369.000000 
25.835921 5408.000000 
25.862170 5550.000000 
25.888419 5360.000000 
25.914668 5452.000000 
25.940917 5491.000000 
25.967167 5318.000000 
25.993416 5478.000000 
26.019665 5284.000000 
26.045914 5500.000000 
26.072163 5402.000000 
26.098412 5410.000000 
26.124661 5334.000000 
26.150910 5424.000000 
26.177159 5439.000000 
26.203408 5413.000000 
26.229657 5350.000000 
26.255906 5381.000000 
26.282155 5393.000000 
26.308404 5353.000000 
26.334654 5464.000000 
26.360903 5412.000000 
26.387152 5457.000000 
26.413401 5512.000000 
26.439650 5501.000000 
26.465899 5638.000000 
26.492148 5301.000000 
26.518397 5509.000000 
26.544646 5513.000000 
26.570895 5433.000000 
26.597144 5772.000000 
26.623393 5562.000000 
26.649642 5617.000000 
26.675891 5764.000000 
26.702141 5836.000000 
26.728390 6033.000000 
26.754639 5927.000000 
26.780888 5935.000000 
26.807137 5834.000000 
26.833386 5683.000000 
26.859635 5599.000000 
26.885884 5600.000000 
26.912133 5454.000000 
26.938382 5373.000000 
26.964631 5547.000000 
26.990880 5397.000000 
27.017129 5288.000000 
27.043379 5361.000000 
27.069628 5320.000000 
27.095877 5316.000000 
27.122126 5292.000000 
27.148375 5468.000000 
27.174624 5317.000000 
27.200873 5414.000000 
27.227122 5354.000000 
27.253371 5379.000000 
27.279620 5279.000000 
27.305869 5281.000000 
27.332118 5459.000000 
27.358367 5454.000000 
27.384616 5315.000000 
27.410866 5364.000000 
27.437115 5436.000000 
27.463364 5345.000000 
27.489613 5452.000000 
27.515862 5278.000000 
27.542111 5317.000000 
27.568360 5345.000000 
27.594609 5448.000000 
27.620858 5385.000000 
27.647107 5510.000000 
27.673356 5333.000000 
27.699605 5297.000000 
27.725854 5422.000000 
27.752103 5347.000000 
27.778353 5293.000000 
27.804602 5333.000000 
27.830851 5342.000000 
27.857100 5389.000000 
27.883349 5326.000000 
27.909598 5330.000000 
27.935847 5347.000000 
27.962096 5570.000000 
27.988345 5580.000000 
28.014594 5311.000000 
28.040843 5377.000000 
28.067092 5418.000000 
28.093341 5343.000000 
28.119590 5405.000000 
28.145840 5266.000000 
28.172089 5287.000000 
28.198338 5341.000000 
28.224587 5425.000000 
28.250836 5397.000000 
28.277085 5351.000000 
28.303334 5334.000000 
28.329583 5334.000000 
28.355832 5371.000000 
28.382081 5537.000000 
28.408330 5331.000000 
28.434579 5294.000000 
28.460828 5371.000000 
28.487078 5425.000000 
28.513327 5289.000000 
28.539576 5289.000000 
28.565825 5375.000000 
28.592074 5446.000000 
28.618323 5391.000000 
28.644572 5334.000000 
28.670821 5368.000000 
28.697070 5450.000000 
28.723319 5317.000000 
28.749568 5387.000000 
28.775817 5340.000000 
28.802066 5618.000000 
28.828315 5438.000000 
28.854565 5240.000000 
28.880814 5361.000000 
28.907063 5339.000000 
28.933312 5352.000000 
28.959561 5445.000000 
28.985810 5353.000000 
29.012059 5395.000000 
29.038308 5455.000000 
29.064557 5461.000000 
29.090806 5359.000000 
29.117055 5363.000000 
29.143304 5330.000000 
29.169553 5295.000000 
29.195802 5366.000000 
29.222052 5312.000000 
29.248301 5449.000000 
29.274550 5253.000000 
29.300799 5324.000000 
29.327048 5291.000000 
29.353297 5360.000000 
29.379546 5350.000000 
29.405795 5373.000000 
29.432044 5474.000000 
29.458293 5390.000000 
29.484542 5414.000000 
29.510791 5438.000000 
29.537040 5536.000000 
29.563289 5436.000000 
29.589539 5397.000000 
29.615788 5466.000000 
29.642037 5499.000000 
29.668286 5365.000000 
29.694535 5380.000000 
29.720784 5507.000000 
29.747033 5417.000000 
29.773282 5555.000000 
29.799531 5627.000000 
29.825780 5608.000000 
29.852029 5757.000000 
29.878278 5738.000000 
29.904527 5782.000000 
29.930777 5764.000000 
29.957026 5715.000000 
29.983275 5673.000000 
30.009524 5613.000000 
30.035773 5746.000000 
30.062022 5833.000000 
30.088271 5868.000000 
30.114520 5988.000000 
30.140769 6406.000000 
30.167018 6765.000000 
30.193267 7444.000000 
30.219516 8086.000000 
30.245765 7881.000000 
30.272014 7658.000000 
30.298264 7314.000000 
30.324513 6859.000000 
30.350762 6488.000000 
30.377011 6025.000000 
30.403260 5811.000000 
30.429509 5626.000000 
30.455758 5668.000000 
30.482007 5537.000000 
30.508256 5680.000000 
30.534505 5415.000000 
30.560754 5483.000000 
30.587003 5580.000000 
30.613252 5493.000000 
30.639501 5358.000000 
30.665751 5448.000000 
30.692000 5366.000000 
30.718249 5539.000000 
30.744498 5353.000000 
30.770747 5507.000000 
30.796996 5548.000000 
30.823245 5352.000000 
30.849494 5465.000000 
30.875743 5405.000000 
30.901992 5382.000000 
30.928241 5267.000000 
30.954490 5437.000000 
30.980739 5502.000000 
31.006988 5356.000000 
31.033238 5452.000000 
31.059487 5371.000000 
31.085736 5393.000000 
31.111985 5313.000000 
31.138234 5406.000000 
31.164483 5262.000000 
31.190732 5368.000000 
31.216981 5346.000000 
31.243230 5349.000000 
31.269479 5462.000000 
31.295728 5327.000000 
31.321977 5321.000000 
31.348226 5475.000000 
31.374476 5416.000000 
31.400725 5341.000000 
31.426974 5429.000000 
31.453223 5450.000000 
31.479472 5401.000000 
31.505721 5306.000000 
31.531970 5328.000000 
31.558219 5397.000000 
31.584468 5402.000000 
31.610717 5310.000000 
31.636966 5518.000000 
31.663215 5522.000000 
31.689464 5382.000000 
31.715713 5488.000000 
31.741963 5494.000000 
31.768212 5465.000000 
31.794461 5320.000000 
31.820710 5279.000000 
31.846959 5531.000000 
31.873208 5446.000000 
31.899457 5453.000000 
31.925706 5329.000000 
31.951955 5414.000000 
31.978204 5432.000000 
32.004453 5393.000000 
32.030702 5295.000000 
32.056951 5424.000000 
32.083200 5381.000000 
32.109450 5337.000000 
32.135699 5504.000000 
32.161948 5314.000000 
32.188197 5383.000000 
32.214446 5363.000000 
32.240695 5314.000000 
32.266944 5464.000000 
32.293193 5355.000000 
32.319442 5382.000000 
32.345691 5553.000000 
32.371940 5375.000000 
32.398189 5413.000000 
32.424438 5416.000000 
32.450687 5378.000000 
32.476937 5414.000000 
32.503186 5524.000000 
32.529435 5359.000000 
32.555684 5377.000000 
32.581933 5379.000000 
32.608182 5425.000000 
32.634431 5475.000000 
32.660680 5450.000000 
32.686929 5598.000000 
32.713178 5495.000000 
32.739427 5480.000000 
32.765676 5557.000000 
32.791925 5694.000000 
32.818175 5643.000000 
32.844424 5548.000000 
32.870673 5522.000000 
32.896922 5454.000000 
32.923171 5445.000000 
32.949420 5505.000000 
32.975669 5414.000000 
33.001918 5520.000000 
33.028167 5465.000000 
33.054416 5483.000000 
33.080665 5491.000000 
33.106914 5562.000000 
33.133163 5404.000000 
33.159412 5550.000000 
33.185662 5419.000000 
33.211911 5523.000000 
33.238160 5510.000000 
33.264409 5729.000000 
33.290658 5785.000000 
33.316907 5625.000000 
33.343156 5772.000000 
33.369405 5692.000000 
33.395654 5619.000000 
33.421903 5667.000000 
33.448152 5505.000000 
33.474401 5554.000000 
33.500650 5439.000000 
33.526899 5448.000000 
33.553149 5406.000000 
33.579398 5451.000000 
33.605647 5471.000000 
33.631896 5395.000000 
33.658145 5500.000000 
33.684394 5611.000000 
33.710643 5472.000000 
33.736892 5385.000000 
33.763141 5275.000000 
33.789390 5479.000000 
33.815639 5358.000000 
33.841888 5306.000000 
33.868137 5320.000000 
33.894386 5513.000000 
33.920636 5331.000000 
33.946885 5559.000000 
33.973134 5559.000000 
33.999383 5454.000000 
34.025632 5446.000000 
34.051881 5381.000000 
34.078130 5382.000000 
34.104379 5385.000000 
34.130628 5390.000000 
34.156877 5412.000000 
34.183126 5433.000000 
34.209375 5419.000000 
34.235624 5373.000000 
34.261874 5400.000000 
34.288123 5428.000000 
34.314372 5496.000000 
34.340621 5450.000000 
34.366870 5371.000000 
34.393119 5499.000000 
34.419368 5431.000000 
34.445617 5337.000000 
34.471866 5518.000000 
34.498115 5433.000000 
34.524364 5514.000000 
34.550613 5311.000000 
34.576862 5435.000000 
34.603111 5602.000000 
34.629361 5540.000000 
34.655610 5432.000000 
34.681859 5467.000000 
34.708108 5495.000000 
34.734357 5572.000000 
34.760606 5626.000000 
34.786855 5616.000000 
34.813104 5443.000000 
34.839353 5606.000000 
34.865602 5450.000000 
34.891851 5405.000000 
34.918100 5590.000000 
34.944349 5541.000000 
34.970598 5522.000000 
34.996848 5533.000000 
35.023097 5443.000000 
35.049346 5587.000000 
35.075595 5446.000000 
35.101844 5700.000000 
35.128093 5531.000000 
35.154342 5539.000000 
35.180591 5615.000000 
35.206840 5344.000000 
35.233089 5514.000000 
35.259338 5638.000000 
35.285587 5670.000000 
35.311836 5791.000000 
35.338085 5884.000000 
35.364335 5896.000000 
35.390584 6114.000000 
35.416833 6464.000000 
35.443082 6923.000000 
35.469331 7698.000000 
35.495580 8907.000000 
35.521829 10864.000000 
35.548078 12899.000000 
35.574327 14039.000000 
35.600576 13843.000000 
35.626825 12746.000000 
35.653074 12157.000000 
35.679323 11029.000000 
35.705573 9715.000000 
35.731822 8337.000000 
35.758071 7577.000000 
35.784320 6981.000000 
35.810569 6630.000000 
35.836818 6266.000000 
35.863067 6160.000000 
35.889316 5914.000000 
35.915565 5913.000000 
35.941814 5704.000000 
35.968063 5812.000000 
35.994312 5553.000000 
36.020561 5597.000000 
36.046810 5573.000000 
36.073060 5578.000000 
36.099309 5607.000000 
36.125558 5471.000000 
36.151807 5469.000000 
36.178056 5502.000000 
36.204305 5535.000000 
36.230554 5564.000000 
36.256803 5465.000000 
36.283052 5438.000000 
36.309301 5421.000000 
36.335550 5512.000000 
36.361799 5373.000000 
36.388048 5429.000000 
36.414297 5535.000000 
36.440547 5496.000000 
36.466796 5474.000000 
36.493045 5379.000000 
36.519294 5472.000000 
36.545543 5409.000000 
36.571792 5460.000000 
36.598041 5453.000000 
36.624290 5538.000000 
36.650539 5428.000000 
36.676788 5467.000000 
36.703037 5477.000000 
36.729286 5373.000000 
36.755535 5475.000000 
36.781785 5427.000000 
36.808034 5543.000000 
36.834283 5445.000000 
36.860532 5635.000000 
36.886781 5528.000000 
36.913030 5409.000000 
36.939279 5442.000000 
36.965528 5443.000000 
36.991777 5432.000000 
37.018026 5373.000000 
37.044275 5396.000000 
37.070524 5492.000000 
37.096773 5641.000000 
37.123022 5644.000000 
37.149272 5782.000000 
37.175521 5737.000000 
37.201770 6023.000000 
37.228019 5915.000000 
37.254268 6017.000000 
37.280517 5782.000000 
37.306766 5760.000000 
37.333015 5690.000000 
37.359264 5553.000000 
37.385513 5532.000000 
37.411762 5475.000000 
37.438011 5485.000000 
37.464260 5661.000000 
37.490509 5364.000000 
37.516759 5411.000000 
37.543008 5345.000000 
37.569257 5359.000000 
37.595506 5348.000000 
37.621755 5463.000000 
37.648004 5396.000000 
37.674253 5470.000000 
37.700502 5502.000000 
37.726751 5362.000000 
37.753000 5501.000000 
37.779249 5397.000000 
37.805498 5445.000000 
37.831747 5315.000000 
37.857996 5325.000000 
37.884246 5474.000000 
37.910495 5477.000000 
37.936744 5482.000000 
37.962993 5404.000000 
37.989242 5468.000000 
38.015491 5370.000000 
38.041740 5513.000000 
38.067989 5417.000000 
38.094238 5425.000000 
38.120487 5479.000000 
38.146736 5309.000000 
38.172985 5279.000000 
38.199234 5453.000000 
38.225484 5388.000000 
38.251733 5374.000000 
38.277982 5283.000000 
38.304231 5459.000000 
38.330480 5408.000000 
38.356729 5381.000000 
38.382978 5396.000000 
38.409227 5322.000000 
38.435476 5391.000000 
38.461725 5453.000000 
38.487974 5433.000000 
38.514223 5444.000000 
38.540472 5375.000000 
38.566721 5422.000000 
38.592971 5304.000000 
38.619220 5565.000000 
38.645469 5300.000000 
38.671718 5513.000000 
38.697967 5488.000000 
38.724216 5364.000000 
38.750465 5338.000000 
38.776714 5328.000000 
38.802963 5320.000000 
38.829212 5341.000000 
38.855461 5468.000000 
38.881710 5445.000000 
38.907959 5383.000000 
38.934208 5483.000000 
38.960458 5342.000000 
38.986707 5406.000000 
39.012956 5459.000000 
39.039205 5405.000000 
39.065454 5334.000000 
39.091703 5331.000000 
39.117952 5394.000000 
39.144201 5446.000000 
39.170450 5436.000000 
39.196699 5455.000000 
39.222948 5394.000000 
39.249197 5322.000000 
39.275446 5240.000000 
39.301695 5403.000000 
39.327945 5328.000000 
39.354194 5449.000000 
39.380443 5413.000000 
39.406692 5448.000000 
39.432941 5359.000000 
39.459190 5303.000000 
39.485439 5348.000000 
39.511688 5400.000000 
39.537937 5413.000000 
39.564186 5492.000000 
39.590435 5364.000000 
39.616684 5293.000000 
39.642933 5413.000000 
39.669183 5402.000000 
39.695432 5458.000000 
39.721681 5360.000000 
39.747930 5403.000000 
39.774179 5317.000000 
39.800428 5412.000000 
39.826677 5311.000000 
39.852926 5392.000000 
39.879175 5342.000000 
39.905424 5368.000000 
39.931673 5339.000000 
39.957922 5351.000000 
39.984171 5521.000000 
40.010420 5344.000000 
40.036670 5325.000000 
40.062919 5412.000000 
40.089168 5358.000000 
40.115417 5310.000000 
40.141666 5298.000000 
40.167915 5399.000000 
40.194164 5348.000000 
40.220413 5392.000000 
40.246662 5397.000000 
40.272911 5411.000000 
40.299160 5515.000000 
40.325409 5537.000000 
40.351658 5466.000000 
40.377907 5353.000000 
40.404157 5540.000000 
40.430406 5513.000000 
40.456655 5448.000000 
40.482904 5514.000000 
40.509153 5491.000000 
40.535402 5374.000000 
40.561651 5432.000000 
40.587900 5510.000000 
40.614149 5375.000000 
40.640398 5301.000000 
40.666647 5606.000000 
40.692896 5457.000000 
40.719145 5315.000000 
40.745394 5384.000000 
40.771644 5429.000000 
40.797893 5328.000000 
40.824142 5553.000000 
40.850391 5409.000000 
40.876640 5352.000000 
40.902889 5393.000000 
40.929138 5517.000000 
40.955387 5507.000000 
40.981636 5556.000000 
41.007885 5549.000000 
41.034134 5587.000000 
41.060383 5484.000000 
41.086632 5381.000000 
41.112882 5480.000000 
41.139131 5504.000000 
41.165380 5312.000000 
41.191629 5491.000000 
41.217878 5454.000000 
41.244127 5478.000000 
41.270376 5423.000000 
41.296625 5297.000000 
41.322874 5409.000000 
41.349123 5496.000000 
41.375372 5498.000000 
41.401621 5413.000000 
41.427870 5580.000000 
41.454119 5459.000000 
41.480369 5342.000000 
41.506618 5380.000000 
41.532867 5345.000000 
41.559116 5380.000000 
41.585365 5404.000000 
41.611614 5392.000000 
41.637863 5538.000000 
41.664112 5403.000000 
41.690361 5355.000000 
41.716610 5454.000000 
41.742859 5417.000000 
41.769108 5446.000000 
41.795357 5432.000000 
41.821606 5307.000000 
41.847856 5311.000000 
41.874105 5299.000000 
41.900354 5449.000000 
41.926603 5450.000000 
41.952852 5454.000000 
41.979101 5393.000000 
42.005350 5378.000000 
42.031599 5354.000000 
42.057848 5416.000000 
42.084097 5401.000000 
42.110346 5404.000000 
42.136595 5406.000000 
42.162844 5334.000000 
42.189093 5436.000000 
42.215343 5485.000000 
42.241592 5363.000000 
42.267841 5496.000000 
42.294090 5370.000000 
42.320339 5362.000000 
42.346588 5410.000000 
42.372837 5412.000000 
42.399086 5488.000000 
42.425335 5347.000000 
42.451584 5490.000000 
42.477833 5368.000000 
42.504082 5511.000000 
42.530331 5606.000000 
42.556581 5615.000000 
42.582830 5402.000000 
42.609079 5400.000000 
42.635328 5531.000000 
42.661577 5333.000000 
42.687826 5517.000000 
42.714075 5416.000000 
42.740324 5426.000000 
42.766573 5443.000000 
42.792822 5576.000000 
42.819071 5482.000000 
42.845320 5450.000000 
42.871569 5485.000000 
42.897818 5571.000000 
42.924068 5410.000000 
42.950317 5516.000000 
42.976566 5520.000000 
43.002815 5677.000000 
43.029064 5766.000000 
43.055313 5631.000000 
43.081562 5832.000000 
43.107811 6144.000000 
43.134060 6444.000000 
43.160309 6865.000000 
43.186558 7495.000000 
43.212807 7437.000000 
43.239056 7418.000000 
43.265305 6908.000000 
43.291555 7019.000000 
43.317804 6555.000000 
43.344053 6481.000000 
43.370302 6150.000000 
43.396551 6089.000000 
43.422800 5911.000000 
43.449049 5878.000000 
43.475298 5588.000000 
43.501547 5508.000000 
43.527796 5657.000000 
43.554045 5446.000000 
43.580294 5661.000000 
43.606543 5671.000000 
43.632792 5496.000000 
43.659042 5480.000000 
43.685291 5479.000000 
43.711540 5347.000000 
43.737789 5357.000000 
43.764038 5388.000000 
43.790287 5409.000000 
43.816536 5523.000000 
43.842785 5409.000000 
43.869034 5309.000000 
43.895283 5501.000000 
43.921532 5476.000000 
43.947781 5454.000000 
43.974030 5522.000000 
44.000280 5515.000000 
44.026529 5495.000000 
44.052778 5411.000000 
44.079027 5303.000000 
44.105276 5440.000000 
44.131525 5498.000000 
44.157774 5269.000000 
44.184023 5545.000000 
44.210272 5362.000000 
44.236521 5403.000000 
44.262770 5414.000000 
44.289019 5375.000000 
44.315268 5349.000000 
44.341517 5278.000000 
44.367767 5390.000000 
44.394016 5477.000000 
44.420265 5483.000000 
44.446514 5423.000000 
44.472763 5443.000000 
44.499012 5473.000000 
44.525261 5406.000000 
44.551510 5400.000000 
44.577759 5562.000000 
44.604008 5402.000000 
44.630257 5302.000000 
44.656506 5466.000000 
44.682755 5348.000000 
44.709004 5546.000000 
44.735254 5366.000000 
44.761503 5498.000000 
44.787752 5574.000000 
44.814001 5480.000000 
44.840250 5375.000000 
44.866499 5404.000000 
44.892748 5453.000000 
44.918997 5452.000000 
44.945246 5473.000000 
44.971495 5464.000000 
44.997744 5462.000000 
45.023993 5437.000000 
45.050242 5361.000000 
45.076491 5433.000000 
45.102741 5338.000000 
45.128990 5340.000000 
45.155239 5322.000000 
45.181488 5435.000000 
45.207737 5361.000000 
45.233986 5204.000000 
45.260235 5446.000000 
45.286484 5345.000000 
45.312733 5250.000000 
45.338982 5300.000000 
45.365231 5404.000000 
45.391480 5486.000000 
45.417729 5413.000000 
45.443979 5436.000000 
45.470228 5374.000000 
45.496477 5358.000000 
45.522726 5464.000000 
45.548975 5506.000000 
45.575224 5309.000000 
45.601473 5282.000000 
45.627722 5474.000000 
45.653971 5391.000000 
45.680220 5384.000000 
45.706469 5433.000000 
45.732718 5471.000000 
45.758967 5366.000000 
45.785216 5468.000000 
45.811466 5515.000000 
45.837715 5442.000000 
45.863964 5544.000000 
45.890213 5438.000000 
45.916462 5369.000000 
45.942711 5387.000000 
45.968960 5360.000000 
45.995209 5397.000000 
46.021458 5467.000000 
46.047707 5384.000000 
46.073956 5477.000000 
46.100205 5360.000000 
46.126454 5140.000000 
46.152703 5481.000000 
46.178953 5435.000000 
46.205202 5376.000000 
46.231451 5338.000000 
46.257700 5450.000000 
46.283949 5489.000000 
46.310198 5437.000000 
46.336447 5322.000000 
46.362696 5358.000000 
46.388945 5419.000000 
46.415194 5385.000000 
46.441443 5427.000000 
46.467692 5412.000000 
46.493941 5389.000000 
46.520190 5531.000000 
46.546440 5471.000000 
46.572689 5312.000000 
46.598938 5495.000000 
46.625187 5313.000000 
46.651436 5452.000000 
46.677685 5428.000000 
46.703934 5380.000000 
46.730183 5441.000000 
46.756432 5371.000000 
46.782681 5405.000000 
46.808930 5364.000000 
46.835179 5279.000000 
46.861428 5416.000000 
46.887678 5450.000000 
46.913927 5440.000000 
46.940176 5406.000000 
46.966425 5423.000000 
46.992674 5438.000000 
47.018923 5426.000000 
47.045172 5506.000000 
47.071421 5577.000000 
47.097670 5514.000000 
47.123919 5345.000000 
47.150168 5385.000000 
47.176417 5329.000000 
47.202666 5367.000000 
47.228915 5456.000000 
47.255165 5288.000000 
47.281414 5369.000000 
47.307663 5572.000000 
47.333912 5440.000000 
47.360161 5612.000000 
47.386410 5512.000000 
47.412659 5434.000000 
47.438908 5235.000000 
47.465157 5515.000000 
47.491406 5390.000000 
47.517655 5546.000000 
47.543904 5531.000000 
47.570153 5357.000000 
47.596402 5362.000000 
47.622652 5408.000000 
47.648901 5515.000000 
47.675150 5343.000000 
47.701399 5256.000000 
47.727648 5539.000000 
47.753897 5538.000000 
47.780146 5449.000000 
47.806395 5346.000000 
47.832644 5421.000000 
47.858893 5414.000000 
47.885142 5486.000000 
47.911391 5458.000000 
47.937640 5514.000000 
47.963889 5480.000000 
47.990139 5487.000000 
48.016388 5394.000000 
48.042637 5412.000000 
48.068886 5409.000000 
48.095135 5401.000000 
48.121384 5462.000000 
48.147633 5367.000000 
48.173882 5518.000000 
48.200131 5418.000000 
48.226380 5399.000000 
48.252629 5423.000000 
48.278878 5297.000000 
48.305127 5383.000000 
48.331377 5432.000000 
48.357626 5529.000000 
48.383875 5462.000000 
48.410124 5264.000000 
48.436373 5341.000000 
48.462622 5493.000000 
48.488871 5370.000000 
48.515120 5433.000000 
48.541369 5525.000000 
48.567618 5321.000000 
48.593867 5335.000000 
48.620116 5307.000000 
48.646365 5444.000000 
48.672614 5415.000000 
48.698864 5380.000000 
48.725113 5464.000000 
48.751362 5433.000000 
48.777611 5269.000000 
48.803860 5364.000000 
48.830109 5466.000000 
48.856358 5434.000000 
48.882607 5318.000000 
48.908856 5504.000000 
48.935105 5343.000000 
48.961354 5462.000000 
48.987603 5516.000000 
49.013852 5490.000000 
49.040101 5438.000000 
49.066351 5465.000000 
49.092600 5413.000000 
49.118849 5408.000000 
49.145098 5429.000000 
49.171347 5433.000000 
49.197596 5500.000000 
49.223845 5397.000000 
49.250094 5371.000000 
49.276343 5412.000000 
49.302592 5464.000000 
49.328841 5378.000000 
49.355090 5426.000000 
49.381339 5451.000000 
49.407589 5510.000000 
49.433838 5479.000000 
49.460087 5476.000000 
49.486336 5480.000000 
49.512585 5533.000000 
49.538834 5608.000000 
49.565083 5609.000000 
49.591332 5561.000000 
49.617581 5549.000000 
49.643830 5463.000000 
49.670079 5549.000000 
49.696328 5602.000000 
49.722577 5461.000000 
49.748826 5451.000000 
49.775076 5419.000000 
49.801325 5581.000000 
49.827574 5355.000000 
49.853823 5461.000000 
49.880072 5504.000000 
49.906321 5418.000000 
49.932570 5598.000000 
49.958819 5458.000000 
49.985068 5365.000000 
50.011317 5488.000000 
50.037566 5372.000000 
50.063815 5494.000000 
50.090064 5297.000000 
50.116313 5441.000000 
50.142563 5443.000000 
50.168812 5332.000000 
50.195061 5480.000000 
50.221310 5581.000000 
50.247559 5536.000000 
50.273808 5524.000000 
50.300057 5534.000000 
50.326306 5542.000000 
50.352555 5415.000000 
50.378804 5438.000000 
50.405053 5308.000000 
50.431302 5422.000000 
50.457551 5394.000000 
50.483800 5520.000000 
50.510050 5539.000000 
50.536299 5519.000000 
50.562548 5509.000000 
50.588797 5471.000000 
50.615046 5384.000000 
50.641295 5507.000000 
50.667544 5385.000000 
50.693793 5520.000000 
50.720042 5452.000000 
50.746291 5490.000000 
50.772540 5458.000000 
50.798789 5409.000000 
50.825038 5484.000000 
50.851288 5497.000000 
50.877537 5382.000000 
50.903786 5567.000000 
50.930035 5446.000000 
50.956284 5470.000000 
50.982533 5527.000000 
51.008782 5613.000000 
51.035031 5568.000000 
51.061280 5576.000000 
51.087529 5612.000000 
51.113778 5561.000000 
51.140027 5548.000000 
51.166276 5516.000000 
51.192525 5506.000000 
51.218775 5468.000000 
51.245024 5458.000000 
51.271273 5581.000000 
51.297522 5370.000000 
51.323771 5387.000000 
51.350020 5487.000000 
51.376269 5503.000000 
51.402518 5449.000000 
51.428767 5460.000000 
51.455016 5468.000000 
51.481265 5395.000000 
51.507514 5452.000000 
51.533763 5465.000000 
51.560012 5363.000000 
51.586262 5337.000000 
51.612511 5433.000000 
51.638760 5507.000000 
51.665009 5651.000000 
51.691258 5551.000000 
51.717507 5426.000000 
51.743756 5490.000000 
51.770005 5530.000000 
51.796254 5293.000000 
51.822503 5447.000000 
51.848752 5527.000000 
51.875001 5388.000000 
51.901250 5483.000000 
51.927499 5480.000000 
51.953749 5511.000000 
51.979998 5580.000000 
52.006247 5392.000000 
52.032496 5438.000000 
52.058745 5462.000000 
52.084994 5504.000000 
52.111243 5490.000000 
52.137492 5380.000000 
52.163741 5452.000000 
52.189990 5472.000000 
52.216239 5597.000000 
52.242488 5417.000000 
52.268737 5578.000000 
52.294987 5402.000000 
52.321236 5517.000000 
52.347485 5357.000000 
52.373734 5543.000000 
52.399983 5532.000000 
52.426232 5457.000000 
52.452481 5296.000000 
52.478730 5475.000000 
52.504979 5311.000000 
52.531228 5485.000000 
52.557477 5496.000000 
52.583726 5427.000000 
52.609975 5378.000000 
52.636224 5356.000000 
52.662474 5414.000000 
52.688723 5513.000000 
52.714972 5504.000000 
52.741221 5526.000000 
52.767470 5448.000000 
52.793719 5442.000000 
52.819968 5470.000000 
52.846217 5636.000000 
52.872466 5353.000000 
52.898715 5479.000000 
52.924964 5360.000000 
52.951213 5377.000000 
52.977462 5441.000000 
53.003711 5449.000000 
53.029961 5490.000000 
53.056210 5468.000000 
53.082459 5394.000000 
53.108708 5477.000000 
53.134957 5504.000000 
53.161206 5474.000000 
53.187455 5443.000000 
53.213704 5535.000000 
53.239953 5434.000000 
53.266202 5604.000000 
53.292451 5561.000000 
53.318700 5494.000000 
53.344949 5533.000000 
53.371198 5376.000000 
53.397448 5572.000000 
53.423697 5714.000000 
53.449946 5691.000000 
53.476195 5765.000000 
53.502444 5880.000000 
53.528693 6015.000000 
53.554942 6162.000000 
53.581191 6081.000000 
53.607440 5858.000000 
53.633689 5912.000000 
53.659938 5991.000000 
53.686187 5964.000000 
53.712436 5850.000000 
53.738686 5774.000000 
53.764935 5662.000000 
53.791184 5671.000000 
53.817433 5682.000000 
53.843682 5477.000000 
53.869931 5606.000000 
53.896180 5684.000000 
53.922429 5463.000000 
53.948678 5603.000000 
53.974927 5613.000000 
54.001176 5420.000000 
54.027425 5526.000000 
54.053674 5403.000000 
54.079923 5515.000000 
54.106173 5571.000000 
54.132422 5513.000000 
54.158671 5452.000000 
54.184920 5609.000000 
54.211169 5499.000000 
54.237418 5636.000000 
54.263667 5464.000000 
54.289916 5704.000000 
54.316165 5507.000000 
54.342414 5556.000000 
54.368663 5598.000000 
54.394912 5411.000000 
54.421161 5509.000000 
54.447410 5496.000000 
54.473660 5483.000000 
54.499909 5501.000000 
54.526158 5488.000000 
54.552407 5533.000000 
54.578656 5519.000000 
54.604905 5419.000000 
54.631154 5529.000000 
54.657403 5474.000000 
54.683652 5356.000000 
54.709901 5613.000000 
54.736150 5438.000000 
54.762399 5504.000000 
54.788648 5511.000000 
54.814897 5538.000000 
54.841147 5476.000000 
54.867396 5573.000000 
54.893645 5551.000000 
54.919894 5465.000000 
54.946143 5417.000000 
54.972392 5526.000000 
54.998641 5621.000000 
55.024890 5472.000000 
55.051139 5657.000000 
55.077388 5467.000000 
55.103637 5432.000000 
55.129886 5587.000000 
55.156135 5495.000000 
55.182385 5388.000000 
55.208634 5493.000000 
55.234883 5510.000000 
55.261132 5500.000000 
55.287381 5484.000000 
55.313630 5358.000000 
55.339879 5325.000000 
55.366128 5490.000000 
55.392377 5573.000000 
55.418626 5465.000000 
55.444875 5590.000000 
55.471124 5492.000000 
55.497373 5609.000000 
55.523622 5490.000000 
55.549872 5375.000000 
55.576121 5493.000000 
55.602370 5372.000000 
55.628619 5527.000000 
55.654868 5508.000000 
55.681117 5421.000000 
55.707366 5379.000000 
55.733615 5434.000000 
55.759864 5465.000000 
55.786113 5599.000000 
55.812362 5522.000000 
55.838611 5566.000000 
55.864860 5525.000000 
55.891109 5316.000000 
55.917359 5467.000000 
55.943608 5394.000000 
55.969857 5510.000000 
55.996106 5662.000000 
56.022355 5471.000000 
56.048604 5376.000000 
56.074853 5550.000000 
56.101102 5502.000000 
56.127351 5545.000000 
56.153600 5559.000000 
56.179849 5472.000000 
56.206098 5568.000000 
56.232347 5478.000000 
56.258596 5554.000000 
56.284846 5478.000000 
56.311095 5520.000000 
56.337344 5570.000000 
56.363593 5358.000000 
56.389842 5582.000000 
56.416091 5411.000000 
56.442340 5462.000000 
56.468589 5435.000000 
56.494838 5565.000000 
56.521087 5463.000000 
56.547336 5545.000000 
56.573585 5512.000000 
56.599834 5533.000000 
56.626084 5432.000000 
56.652333 5482.000000 
56.678582 5592.000000 
56.704831 5446.000000 
56.731080 5512.000000 
56.757329 5660.000000 
56.783578 5572.000000 
56.809827 5628.000000 
56.836076 5648.000000 
56.862325 5786.000000 
56.888574 5709.000000 
56.914823 5671.000000 
56.941072 5949.000000 
56.967321 6087.000000 
56.993571 6270.000000 
57.019820 6920.000000 
57.046069 7135.000000 
57.072318 7508.000000 
57.098567 7500.000000 
57.124816 7180.000000 
57.151065 6962.000000 
57.177314 6908.000000 
57.203563 6921.000000 
57.229812 6792.000000 
57.256061 6791.000000 
57.282310 6385.000000 
57.308559 6240.000000 
57.334808 5978.000000 
57.361058 5934.000000 
57.387307 6038.000000 
57.413556 5811.000000 
57.439805 5660.000000 
57.466054 5520.000000 
57.492303 5577.000000 
57.518552 5682.000000 
57.544801 5679.000000 
57.571050 5467.000000 
57.597299 5640.000000 
57.623548 5580.000000 
57.649797 5522.000000 
57.676046 5521.000000 
57.702295 5545.000000 
57.728545 5457.000000 
57.754794 5495.000000 
57.781043 5470.000000 
57.807292 5685.000000 
57.833541 5418.000000 
57.859790 5484.000000 
57.886039 5490.000000 
57.912288 5463.000000 
57.938537 5439.000000 
57.964786 5555.000000 
57.991035 5509.000000 
58.017284 5596.000000 
58.043533 5447.000000 
58.069783 5579.000000 
58.096032 5465.000000 
58.122281 5396.000000 
58.148530 5333.000000 
58.174779 5457.000000 
58.201028 5531.000000 
58.227277 5501.000000 
58.253526 5413.000000 
58.279775 5593.000000 
58.306024 5567.000000 
58.332273 5669.000000 
58.358522 5501.000000 
58.384771 5512.000000 
58.411020 5567.000000 
58.437270 5521.000000 
58.463519 5590.000000 
58.489768 5460.000000 
58.516017 5606.000000 
58.542266 5547.000000 
58.568515 5485.000000 
58.594764 5528.000000 
58.621013 5645.000000 
58.647262 5547.000000 
58.673511 5518.000000 
58.699760 5548.000000 
58.726009 5481.000000 
58.752258 5398.000000 
58.778507 5434.000000 
58.804757 5591.000000 
58.831006 5344.000000 
58.857255 5531.000000 
58.883504 5521.000000 
58.909753 5463.000000 
58.936002 5606.000000 
58.962251 5416.000000 
58.988500 5546.000000 
59.014749 5606.000000 
59.040998 5504.000000 
59.067247 5435.000000 
59.093496 5636.000000 
59.119745 5491.000000 
59.145994 5540.000000 
59.172244 5452.000000 
59.198493 5345.000000 
59.224742 5428.000000 
59.250991 5309.000000 
59.277240 5534.000000 
59.303489 5485.000000 
59.329738 5498.000000 
59.355987 5643.000000 
59.382236 5533.000000 
59.408485 5471.000000 
59.434734 5586.000000 
59.460983 5477.000000 
59.487232 5322.000000 
59.513482 5504.000000 
59.539731 5468.000000 
59.565980 5509.000000 
59.592229 5550.000000 
59.618478 5497.000000 
59.644727 5570.000000 
59.670976 5483.000000 
59.697225 5544.000000 
59.723474 5581.000000 
59.749723 5563.000000 
59.775972 5541.000000 
59.802221 5456.000000 
59.828470 5434.000000 
59.854719 5436.000000 
59.880969 5669.000000 
59.907218 5386.000000 
59.933467 5480.000000 
59.959716 5535.000000 
59.985965 5444.000000 
60.012214 5608.000000 
60.038463 5527.000000 
60.064712 5692.000000 
60.090961 5594.000000 
60.117210 5520.000000 
60.143459 5619.000000 
60.169708 5600.000000 
60.195957 5742.000000 
60.222206 5755.000000 
60.248456 5561.000000 
60.274705 5494.000000 
60.300954 5603.000000 
60.327203 5540.000000 
60.353452 5639.000000 
60.379701 5603.000000 
60.405950 5522.000000 
60.432199 5540.000000 
60.458448 5488.000000 
60.484697 5474.000000 
60.510946 5514.000000 
60.537195 5703.000000 
60.563444 5516.000000 
60.589693 5427.000000 
60.615943 5486.000000 
60.642192 5497.000000 
60.668441 5623.000000 
60.694690 5485.000000 
60.720939 5659.000000 
60.747188 5442.000000 
60.773437 5544.000000 
60.799686 5608.000000 
60.825935 5643.000000 
60.852184 5671.000000 
60.878433 5671.000000 
60.904682 5695.000000 
60.930931 5640.000000 
60.957181 5468.000000 
60.983430 5518.000000 
61.009679 5541.000000 
61.035928 5660.000000 
61.062177 5533.000000 
61.088426 5598.000000 
61.114675 5639.000000 
61.140924 5363.000000 
61.167173 5497.000000 
61.193422 5472.000000 
61.219671 5550.000000 
61.245920 5605.000000 
61.272169 5513.000000 
61.298418 5633.000000 
61.324668 5489.000000 
61.350917 5517.000000 
61.377166 5554.000000 
61.403415 5494.000000 
61.429664 5312.000000 
61.455913 5641.000000 
61.482162 5593.000000 
61.508411 5534.000000 
61.534660 5642.000000 
61.560909 5604.000000 
61.587158 5503.000000 
61.613407 5540.000000 
61.639656 5645.000000 
61.665905 5482.000000 
61.692155 5533.000000 
61.718404 5603.000000 
61.744653 5474.000000 
61.770902 5580.000000 
61.797151 5647.000000 
61.823400 5465.000000 
61.849649 5546.000000 
61.875898 5561.000000 
61.902147 5668.000000 
61.928396 5590.000000 
61.954645 5613.000000 
61.980894 5560.000000 
62.007143 5628.000000 
62.033393 5559.000000 
62.059642 5658.000000 
62.085891 5593.000000 
62.112140 5606.000000 
62.138389 5549.000000 
62.164638 5451.000000 
62.190887 5646.000000 
62.217136 5636.000000 
62.243385 5509.000000 
62.269634 5614.000000 
62.295883 5634.000000 
62.322132 5904.000000 
62.348381 5745.000000 
62.374630 5754.000000 
62.400880 5634.000000 
62.427129 5935.000000 
62.453378 5899.000000 
62.479627 5987.000000 
62.505876 6178.000000 
62.532125 6396.000000 
62.558374 6876.000000 
62.584623 7139.000000 
62.610872 7522.000000 
62.637121 8039.000000 
62.663370 8392.000000 
62.689619 8196.000000 
62.715868 7821.000000 
62.742117 7560.000000 
62.768367 7685.000000 
62.794616 7499.000000 
62.820865 7431.000000 
62.847114 7376.000000 
62.873363 6983.000000 
62.899612 6646.000000 
62.925861 6314.000000 
62.952110 6297.000000 
62.978359 6164.000000 
63.004608 6027.000000 
63.030857 6013.000000 
63.057106 5873.000000 
63.083355 5831.000000 
63.109604 5764.000000 
63.135854 5750.000000 
63.162103 5651.000000 
63.188352 5741.000000 
63.214601 5579.000000 
63.240850 5821.000000 
63.267099 5499.000000 
63.293348 5541.000000 
63.319597 5701.000000 
63.345846 5661.000000 
63.372095 5539.000000 
63.398344 5533.000000 
63.424593 5607.000000 
63.450842 5673.000000 
63.477092 5617.000000 
63.503341 5533.000000 
63.529590 5709.000000 
63.555839 5547.000000 
63.582088 5477.000000 
63.608337 5564.000000 
63.634586 5690.000000 
63.660835 5646.000000 
63.687084 5586.000000 
63.713333 5635.000000 
63.739582 5548.000000 
63.765831 5631.000000 
63.792080 5493.000000 
63.818329 5544.000000 
63.844579 5531.000000 
63.870828 5572.000000 
63.897077 5467.000000 
63.923326 5553.000000 
63.949575 5430.000000 
63.975824 5563.000000 
64.002073 5617.000000 
64.028322 5548.000000 
64.054571 5622.000000 
64.080820 5732.000000 
64.107069 5585.000000 
64.133318 5705.000000 
64.159567 5600.000000 
64.185816 5555.000000 
64.212066 5617.000000 
64.238315 5693.000000 
64.264564 5551.000000 
64.290813 5474.000000 
64.317062 5639.000000 
64.343311 5418.000000 
64.369560 5483.000000 
64.395809 5548.000000 
64.422058 5582.000000 
64.448307 5560.000000 
64.474556 5644.000000 
64.500805 5569.000000 
64.527054 5497.000000 
64.553303 5644.000000 
64.579553 5435.000000 
64.605802 5494.000000 
64.632051 5547.000000 
64.658300 5507.000000 
64.684549 5552.000000 
64.710798 5580.000000 
64.737047 5585.000000 
64.763296 5491.000000 
64.789545 5397.000000 
64.815794 5400.000000 
64.842043 5408.000000 
64.868292 5591.000000 
64.894541 5519.000000 
64.920791 5478.000000 
64.947040 5532.000000 
64.973289 5564.000000 
64.999538 5462.000000 
65.025787 5456.000000 
65.052036 5434.000000 
65.078285 5488.000000 
65.104534 5413.000000 
65.130783 5486.000000 
65.157032 5490.000000 
65.183281 5455.000000 
65.209530 5435.000000 
65.235779 5622.000000 
65.262028 5457.000000 
65.288278 5361.000000 
65.314527 5540.000000 
65.340776 5467.000000 
65.367025 5357.000000 
65.393274 5490.000000 
65.419523 5614.000000 
65.445772 5474.000000 
65.472021 5484.000000 
65.498270 5483.000000 
65.524519 5536.000000 
65.550768 5556.000000 
65.577017 5559.000000 
65.603266 5431.000000 
65.629515 5492.000000 
65.655765 5593.000000 
65.682014 5569.000000 
65.708263 5569.000000 
65.734512 5385.000000 
65.760761 5560.000000 
65.787010 5605.000000 
65.813259 5518.000000 
65.839508 5683.000000 
65.865757 5498.000000 
65.892006 5483.000000 
65.918255 5528.000000 
65.944504 5515.000000 
65.970753 5446.000000 
65.997002 5593.000000 
66.023252 5491.000000 
66.049501 5605.000000 
66.075750 5635.000000 
66.101999 5348.000000 
66.128248 5576.000000 
66.154497 5468.000000 
66.180746 5478.000000 
66.206995 5415.000000 
66.233244 5355.000000 
66.259493 5446.000000 
66.285742 5472.000000 
66.311991 5616.000000 
66.338240 5563.000000 
66.364490 5492.000000 
66.390739 5543.000000 
66.416988 5521.000000 
66.443237 5466.000000 
66.469486 5415.000000 
66.495735 5597.000000 
66.521984 5578.000000 
66.548233 5480.000000 
66.574482 5704.000000 
66.600731 5629.000000 
66.626980 5470.000000 
66.653229 5504.000000 
66.679478 5448.000000 
66.705727 5543.000000 
66.731977 5519.000000 
66.758226 5566.000000 
66.784475 5542.000000 
66.810724 5434.000000 
66.836973 5575.000000 
66.863222 5470.000000 
66.889471 5537.000000 
66.915720 5736.000000 
66.941969 5541.000000 
66.968218 5554.000000 
66.994467 5562.000000 
67.020716 5493.000000 
67.046965 5574.000000 
67.073214 5589.000000 
67.099464 5685.000000 
67.125713 5519.000000 
67.151962 5431.000000 
67.178211 5575.000000 
67.204460 5448.000000 
67.230709 5700.000000 
67.256958 5508.000000 
67.283207 5625.000000 
67.309456 5480.000000 
67.335705 5426.000000 
67.361954 5535.000000 
67.388203 5511.000000 
67.414452 5485.000000 
67.440701 5580.000000 
67.466951 5421.000000 
67.493200 5530.000000 
67.519449 5535.000000 
67.545698 5564.000000 
67.571947 5538.000000 
67.598196 5433.000000 
67.624445 5574.000000 
67.650694 5572.000000 
67.676943 5512.000000 
67.703192 5592.000000 
67.729441 5469.000000 
67.755690 5486.000000 
67.781939 5640.000000 
67.808189 5584.000000 
67.834438 5696.000000 
67.860687 5537.000000 
67.886936 5443.000000 
67.913185 5592.000000 
67.939434 5586.000000 
67.965683 5542.000000 
67.991932 5575.000000 
68.018181 5569.000000 
68.044430 5570.000000 
68.070679 5632.000000 
68.096928 5496.000000 
68.123177 5604.000000 
68.149426 5496.000000 
68.175676 5420.000000 
68.201925 5594.000000 
68.228174 5630.000000 
68.254423 5440.000000 
68.280672 5622.000000 
68.306921 5541.000000 
68.333170 5499.000000 
68.359419 5527.000000 
68.385668 5465.000000 
68.411917 5645.000000 
68.438166 5729.000000 
68.464415 5605.000000 
68.490664 5692.000000 
68.516913 5457.000000 
68.543163 5494.000000 
68.569412 5605.000000 
68.595661 5575.000000 
68.621910 5606.000000 
68.648159 5491.000000 
68.674408 5482.000000 
68.700657 5641.000000 
68.726906 5652.000000 
68.753155 5459.000000 
68.779404 5466.000000 
68.805653 5571.000000 
68.831902 5641.000000 
68.858151 5640.000000 
68.884400 5645.000000 
68.910650 5623.000000 
68.936899 5524.000000 
68.963148 5615.000000 
68.989397 5596.000000 
69.015646 5594.000000 
69.041895 5361.000000 
69.068144 5578.000000 
69.094393 5526.000000 
69.120642 5486.000000 
69.146891 5665.000000 
69.173140 5573.000000 
69.199389 5594.000000 
69.225638 5520.000000 
69.251888 5577.000000 
69.278137 5463.000000 
69.304386 5407.000000 
69.330635 5559.000000 
69.356884 5531.000000 
69.383133 5520.000000 
69.409382 5491.000000 
69.435631 5465.000000 
69.461880 5576.000000 
69.488129 5609.000000 
69.514378 5633.000000 
69.540627 5517.000000 
69.566876 5426.000000 
69.593125 5444.000000 
69.619375 5567.000000 
69.645624 5536.000000 
69.671873 5565.000000 
69.698122 5651.000000 
69.724371 5468.000000 
69.750620 5761.000000 
69.776869 5532.000000 
69.803118 5500.000000 
69.829367 5520.000000 
69.855616 5447.000000 
69.881865 5571.000000 
69.908114 5706.000000 
69.934363 5531.000000 
69.960612 5557.000000 
