10.007730 4229.000000 
10.033979 4265.000000 
10.060228 4339.000000 
10.086477 4265.000000 
10.112727 4147.000000 
10.138976 4274.000000 
10.165225 4178.000000 
10.191474 4234.000000 
10.217723 4176.000000 
10.243972 4316.000000 
10.270221 4223.000000 
10.296470 4357.000000 
10.322719 4230.000000 
10.348968 4330.000000 
10.375217 4224.000000 
10.401466 4234.000000 
10.427715 4191.000000 
10.453965 4192.000000 
10.480214 4204.000000 
10.506463 4340.000000 
10.532712 4343.000000 
10.558961 4197.000000 
10.585210 4347.000000 
10.611459 4438.000000 
10.637708 4413.000000 
10.663957 4214.000000 
10.690206 4244.000000 
10.716455 4257.000000 
10.742704 4172.000000 
10.768953 4326.000000 
10.795202 4412.000000 
10.821452 4267.000000 
10.847701 4505.000000 
10.873950 4319.000000 
10.900199 4484.000000 
10.926448 4433.000000 
10.952697 4335.000000 
10.978946 4244.000000 
11.005195 4309.000000 
11.031444 4316.000000 
11.057693 4389.000000 
11.083942 4388.000000 
11.110191 4385.000000 
11.136440 4432.000000 
11.162689 4335.000000 
11.188939 4326.000000 
11.215188 4325.000000 
11.241437 4331.000000 
11.267686 4355.000000 
11.293935 4359.000000 
11.320184 4290.000000 
11.346433 4372.000000 
11.372682 4413.000000 
11.398931 4421.000000 
11.425180 4461.000000 
11.451429 4344.000000 
11.477678 4351.000000 
11.503927 4348.000000 
11.530177 4287.000000 
11.556426 4427.000000 
11.582675 4331.000000 
11.608924 4360.000000 
11.635173 4509.000000 
11.661422 4488.000000 
11.687671 4466.000000 
11.713920 4373.000000 
11.740169 4305.000000 
11.766418 4250.000000 
11.792667 4339.000000 
11.818916 4300.000000 
11.845165 4348.000000 
11.871414 4411.000000 
11.897664 4368.000000 
11.923913 4365.000000 
11.950162 4335.000000 
11.976411 4418.000000 
12.002660 4441.000000 
12.028909 4372.000000 
12.055158 4272.000000 
12.081407 4324.000000 
12.107656 4521.000000 
12.133905 4509.000000 
12.160154 4335.000000 
12.186403 4290.000000 
12.212652 4385.000000 
12.238901 4443.000000 
12.265151 4322.000000 
12.291400 4439.000000 
12.317649 4364.000000 
12.343898 4387.000000 
12.370147 4516.000000 
12.396396 4303.000000 
12.422645 4398.000000 
12.448894 4376.000000 
12.475143 4479.000000 
12.501392 4381.000000 
12.527641 4472.000000 
12.553890 4510.000000 
12.580139 4326.000000 
12.606388 4509.000000 
12.632638 4476.000000 
12.658887 4391.000000 
12.685136 4344.000000 
12.711385 4371.000000 
12.737634 4428.000000 
12.763883 4523.000000 
12.790132 4563.000000 
12.816381 4554.000000 
12.842630 4362.000000 
12.868879 4451.000000 
12.895128 4405.000000 
12.921377 4351.000000 
12.947626 4376.000000 
12.973876 4391.000000 
13.000125 4479.000000 
13.026374 4470.000000 
13.052623 4443.000000 
13.078872 4554.000000 
13.105121 4614.000000 
13.131370 4532.000000 
13.157619 4267.000000 
13.183868 4384.000000 
13.210117 4513.000000 
13.236366 4389.000000 
13.262615 4527.000000 
13.288864 4502.000000 
13.315113 4495.000000 
13.341363 4414.000000 
13.367612 4515.000000 
13.393861 4521.000000 
13.420110 4583.000000 
13.446359 4398.000000 
13.472608 4450.000000 
13.498857 4455.000000 
13.525106 4451.000000 
13.551355 4561.000000 
13.577604 4456.000000 
13.603853 4471.000000 
13.630102 4432.000000 
13.656351 4350.000000 
13.682600 4586.000000 
13.708850 4428.000000 
13.735099 4523.000000 
13.761348 4526.000000 
13.787597 4419.000000 
13.813846 4526.000000 
13.840095 4432.000000 
13.866344 4563.000000 
13.892593 4529.000000 
13.918842 4577.000000 
13.945091 4518.000000 
13.971340 4454.000000 
13.997589 4449.000000 
14.023838 4507.000000 
14.050087 4528.000000 
14.076337 4516.000000 
14.102586 4497.000000 
14.128835 4402.000000 
14.155084 4483.000000 
14.181333 4523.000000 
14.207582 4487.000000 
14.233831 4469.000000 
14.260080 4495.000000 
14.286329 4377.000000 
14.312578 4328.000000 
14.338827 4538.000000 
14.365076 4553.000000 
14.391325 4551.000000 
14.417575 4493.000000 
14.443824 4518.000000 
14.470073 4465.000000 
14.496322 4638.000000 
14.522571 4553.000000 
14.548820 4474.000000 
14.575069 4372.000000 
14.601318 4486.000000 
14.627567 4555.000000 
14.653816 4482.000000 
14.680065 4508.000000 
14.706314 4429.000000 
14.732563 4569.000000 
14.758812 4552.000000 
14.785062 4484.000000 
14.811311 4495.000000 
14.837560 4404.000000 
14.863809 4443.000000 
14.890058 4471.000000 
14.916307 4364.000000 
14.942556 4494.000000 
14.968805 4539.000000 
14.995054 4468.000000 
15.021303 4579.000000 
15.047552 4584.000000 
15.073801 4504.000000 
15.100050 4565.000000 
15.126299 4541.000000 
15.152549 4312.000000 
15.178798 4576.000000 
15.205047 4418.000000 
15.231296 4548.000000 
15.257545 4525.000000 
15.283794 4379.000000 
15.310043 4566.000000 
15.336292 4529.000000 
15.362541 4563.000000 
15.388790 4450.000000 
15.415039 4510.000000 
15.441288 4409.000000 
15.467537 4379.000000 
15.493786 4504.000000 
15.520036 4451.000000 
15.546285 4433.000000 
15.572534 4438.000000 
15.598783 4446.000000 
15.625032 4542.000000 
15.651281 4358.000000 
15.677530 4352.000000 
15.703779 4577.000000 
15.730028 4412.000000 
15.756277 4557.000000 
15.782526 4545.000000 
15.808775 4641.000000 
15.835024 4415.000000 
15.861274 4483.000000 
15.887523 4503.000000 
15.913772 4424.000000 
15.940021 4473.000000 
15.966270 4519.000000 
15.992519 4457.000000 
16.018768 4365.000000 
16.045017 4427.000000 
16.071266 4503.000000 
16.097515 4628.000000 
16.123764 4555.000000 
16.150013 4518.000000 
16.176262 4512.000000 
16.202511 4479.000000 
16.228761 4408.000000 
16.255010 4479.000000 
16.281259 4686.000000 
16.307508 4622.000000 
16.333757 4503.000000 
16.360006 4499.000000 
16.386255 4554.000000 
16.412504 4529.000000 
16.438753 4633.000000 
16.465002 4608.000000 
16.491251 4451.000000 
16.517500 4410.000000 
16.543749 4638.000000 
16.569998 4422.000000 
16.596248 4519.000000 
16.622497 4632.000000 
16.648746 4497.000000 
16.674995 4581.000000 
16.701244 4554.000000 
16.727493 4501.000000 
16.753742 4499.000000 
16.779991 4438.000000 
16.806240 4492.000000 
16.832489 4525.000000 
16.858738 4404.000000 
16.884987 4486.000000 
16.911236 4525.000000 
16.937485 4569.000000 
16.963735 4553.000000 
16.989984 4497.000000 
17.016233 4709.000000 
17.042482 4446.000000 
17.068731 4463.000000 
17.094980 4521.000000 
17.121229 4661.000000 
17.147478 4516.000000 
17.173727 4598.000000 
17.199976 4554.000000 
17.226225 4621.000000 
17.252474 4631.000000 
17.278723 4632.000000 
17.304973 4594.000000 
17.331222 4573.000000 
17.357471 4499.000000 
17.383720 4591.000000 
17.409969 4441.000000 
17.436218 4579.000000 
17.462467 4490.000000 
17.488716 4559.000000 
17.514965 4558.000000 
17.541214 4477.000000 
17.567463 4538.000000 
17.593712 4430.000000 
17.619961 4401.000000 
17.646210 4444.000000 
17.672460 4440.000000 
17.698709 4432.000000 
17.724958 4458.000000 
17.751207 4636.000000 
17.777456 4556.000000 
17.803705 4532.000000 
17.829954 4573.000000 
17.856203 4470.000000 
17.882452 4441.000000 
17.908701 4532.000000 
17.934950 4531.000000 
17.961199 4628.000000 
17.987448 4553.000000 
18.013697 4493.000000 
18.039947 4462.000000 
18.066196 4522.000000 
18.092445 4581.000000 
18.118694 4613.000000 
18.144943 4573.000000 
18.171192 4537.000000 
18.197441 4460.000000 
18.223690 4670.000000 
18.249939 4533.000000 
18.276188 4532.000000 
18.302437 4717.000000 
18.328686 4764.000000 
18.354935 4754.000000 
18.381184 4782.000000 
18.407434 4735.000000 
18.433683 4838.000000 
18.459932 4984.000000 
18.486181 5137.000000 
18.512430 5153.000000 
18.538679 4996.000000 
18.564928 4870.000000 
18.591177 4709.000000 
18.617426 4689.000000 
18.643675 4672.000000 
18.669924 4632.000000 
18.696173 4514.000000 
18.722422 4473.000000 
18.748672 4513.000000 
18.774921 4430.000000 
18.801170 4568.000000 
18.827419 4487.000000 
18.853668 4586.000000 
18.879917 4552.000000 
18.906166 4586.000000 
18.932415 4559.000000 
18.958664 4516.000000 
18.984913 4526.000000 
19.011162 4589.000000 
19.037411 4536.000000 
19.063660 4495.000000 
19.089909 4489.000000 
19.116159 4539.000000 
19.142408 4508.000000 
19.168657 4571.000000 
19.194906 4503.000000 
19.221155 4464.000000 
19.247404 4394.000000 
19.273653 4537.000000 
19.299902 4541.000000 
19.326151 4483.000000 
19.352400 4480.000000 
19.378649 4423.000000 
19.404898 4627.000000 
19.431147 4650.000000 
19.457396 4391.000000 
19.483646 4576.000000 
19.509895 4553.000000 
19.536144 4561.000000 
19.562393 4507.000000 
19.588642 4467.000000 
19.614891 4423.000000 
19.641140 4528.000000 
19.667389 4594.000000 
19.693638 4569.000000 
19.719887 4624.000000 
19.746136 4552.000000 
19.772385 4654.000000 
19.798634 4526.000000 
19.824883 4438.000000 
19.851133 4534.000000 
19.877382 4480.000000 
19.903631 4412.000000 
19.929880 4482.000000 
19.956129 4564.000000 
19.982378 4596.000000 
20.008627 4371.000000 
20.034876 4515.000000 
20.061125 4419.000000 
20.087374 4567.000000 
20.113623 4556.000000 
20.139872 4452.000000 
20.166121 4577.000000 
20.192371 4610.000000 
20.218620 4424.000000 
20.244869 4529.000000 
20.271118 4488.000000 
20.297367 4470.000000 
20.323616 4435.000000 
20.349865 4462.000000 
20.376114 4368.000000 
20.402363 4440.000000 
20.428612 4602.000000 
20.454861 4482.000000 
20.481110 4516.000000 
20.507359 4551.000000 
20.533608 4437.000000 
20.559858 4524.000000 
20.586107 4511.000000 
20.612356 4526.000000 
20.638605 4505.000000 
20.664854 4383.000000 
20.691103 4634.000000 
20.717352 4500.000000 
20.743601 4496.000000 
20.769850 4594.000000 
20.796099 4544.000000 
20.822348 4455.000000 
20.848597 4624.000000 
20.874846 4616.000000 
20.901095 4445.000000 
20.927345 4667.000000 
20.953594 4486.000000 
20.979843 4604.000000 
21.006092 4633.000000 
21.032341 4698.000000 
21.058590 4637.000000 
21.084839 4608.000000 
21.111088 4531.000000 
21.137337 4559.000000 
21.163586 4471.000000 
21.189835 4483.000000 
21.216084 4385.000000 
21.242333 4346.000000 
21.268582 4603.000000 
21.294832 4405.000000 
21.321081 4552.000000 
21.347330 4610.000000 
21.373579 4550.000000 
21.399828 4523.000000 
21.426077 4443.000000 
21.452326 4581.000000 
21.478575 4410.000000 
21.504824 4531.000000 
21.531073 4665.000000 
21.557322 4490.000000 
21.583571 4592.000000 
21.609820 4519.000000 
21.636070 4539.000000 
21.662319 4591.000000 
21.688568 4658.000000 
21.714817 4577.000000 
21.741066 4418.000000 
21.767315 4463.000000 
21.793564 4406.000000 
21.819813 4472.000000 
21.846062 4434.000000 
21.872311 4519.000000 
21.898560 4588.000000 
21.924809 4524.000000 
21.951058 4497.000000 
21.977307 4611.000000 
22.003557 4616.000000 
22.029806 4471.000000 
22.056055 4432.000000 
22.082304 4401.000000 
22.108553 4507.000000 
22.134802 4506.000000 
22.161051 4532.000000 
22.187300 4495.000000 
22.213549 4717.000000 
22.239798 4412.000000 
22.266047 4412.000000 
22.292296 4499.000000 
22.318545 4488.000000 
22.344794 4415.000000 
22.371044 4538.000000 
22.397293 4469.000000 
22.423542 4508.000000 
22.449791 4558.000000 
22.476040 4637.000000 
22.502289 4528.000000 
22.528538 4572.000000 
22.554787 4625.000000 
22.581036 4519.000000 
22.607285 4493.000000 
22.633534 4433.000000 
22.659783 4502.000000 
22.686032 4408.000000 
22.712281 4501.000000 
22.738531 4603.000000 
22.764780 4435.000000 
22.791029 4497.000000 
22.817278 4575.000000 
22.843527 4619.000000 
22.869776 4396.000000 
22.896025 4530.000000 
22.922274 4480.000000 
22.948523 4524.000000 
22.974772 4506.000000 
23.001021 4582.000000 
23.027270 4586.000000 
23.053519 4579.000000 
23.079769 4525.000000 
23.106018 4594.000000 
23.132267 4538.000000 
23.158516 4596.000000 
23.184765 4423.000000 
23.211014 4424.000000 
23.237263 4512.000000 
23.263512 4425.000000 
23.289761 4627.000000 
23.316010 4487.000000 
23.342259 4535.000000 
23.368508 4429.000000 
23.394757 4550.000000 
23.421006 4468.000000 
23.447256 4539.000000 
23.473505 4511.000000 
23.499754 4450.000000 
23.526003 4539.000000 
23.552252 4501.000000 
23.578501 4554.000000 
23.604750 4598.000000 
23.630999 4464.000000 
23.657248 4562.000000 
23.683497 4484.000000 
23.709746 4528.000000 
23.735995 4401.000000 
23.762244 4587.000000 
23.788493 4622.000000 
23.814743 4569.000000 
23.840992 4717.000000 
23.867241 4517.000000 
23.893490 4593.000000 
23.919739 4560.000000 
23.945988 4410.000000 
23.972237 4549.000000 
23.998486 4470.000000 
24.024735 4475.000000 
24.050984 4469.000000 
24.077233 4599.000000 
24.103482 4428.000000 
24.129731 4552.000000 
24.155981 4585.000000 
24.182230 4500.000000 
24.208479 4459.000000 
24.234728 4455.000000 
24.260977 4642.000000 
24.287226 4533.000000 
24.313475 4515.000000 
24.339724 4442.000000 
24.365973 4545.000000 
24.392222 4703.000000 
24.418471 4662.000000 
24.444720 4635.000000 
24.470969 4652.000000 
24.497218 4561.000000 
24.523468 4559.000000 
24.549717 4540.000000 
24.575966 4520.000000 
24.602215 4493.000000 
24.628464 4366.000000 
24.654713 4563.000000 
24.680962 4619.000000 
24.707211 4548.000000 
24.733460 4514.000000 
24.759709 4605.000000 
24.785958 4359.000000 
24.812207 4555.000000 
24.838456 4649.000000 
24.864705 4459.000000 
24.890955 4519.000000 
24.917204 4568.000000 
24.943453 4727.000000 
24.969702 4579.000000 
24.995951 4519.000000 
25.022200 4426.000000 
25.048449 4481.000000 
25.074698 4527.000000 
25.100947 4529.000000 
25.127196 4534.000000 
25.153445 4593.000000 
25.179694 4531.000000 
25.205943 4590.000000 
25.232192 4704.000000 
25.258442 4587.000000 
25.284691 4478.000000 
25.310940 4568.000000 
25.337189 4595.000000 
25.363438 4507.000000 
25.389687 4563.000000 
25.415936 4586.000000 
25.442185 4456.000000 
25.468434 4433.000000 
25.494683 4541.000000 
25.520932 4514.000000 
25.547181 4503.000000 
25.573430 4666.000000 
25.599680 4626.000000 
25.625929 4407.000000 
25.652178 4541.000000 
25.678427 4524.000000 
25.704676 4600.000000 
25.730925 4491.000000 
25.757174 4624.000000 
25.783423 4599.000000 
25.809672 4597.000000 
25.835921 4477.000000 
25.862170 4608.000000 
25.888419 4485.000000 
25.914668 4498.000000 
25.940917 4441.000000 
25.967167 4594.000000 
25.993416 4445.000000 
26.019665 4573.000000 
26.045914 4656.000000 
26.072163 4536.000000 
26.098412 4559.000000 
26.124661 4537.000000 
26.150910 4578.000000 
26.177159 4404.000000 
26.203408 4543.000000 
26.229657 4520.000000 
26.255906 4605.000000 
26.282155 4621.000000 
26.308404 4603.000000 
26.334654 4544.000000 
26.360903 4557.000000 
26.387152 4563.000000 
26.413401 4519.000000 
26.439650 4532.000000 
26.465899 4614.000000 
26.492148 4513.000000 
26.518397 4576.000000 
26.544646 4562.000000 
26.570895 4691.000000 
26.597144 4665.000000 
26.623393 4544.000000 
26.649642 4559.000000 
26.675891 4601.000000 
26.702141 4675.000000 
26.728390 4663.000000 
26.754639 4703.000000 
26.780888 4871.000000 
26.807137 5058.000000 
26.833386 5084.000000 
26.859635 5025.000000 
26.885884 4744.000000 
26.912133 4782.000000 
26.938382 4690.000000 
26.964631 4629.000000 
26.990880 4607.000000 
27.017129 4641.000000 
27.043379 4530.000000 
27.069628 4611.000000 
27.095877 4681.000000 
27.122126 4597.000000 
27.148375 4675.000000 
27.174624 4461.000000 
27.200873 4534.000000 
27.227122 4503.000000 
27.253371 4635.000000 
27.279620 4667.000000 
27.305869 4507.000000 
27.332118 4401.000000 
27.358367 4587.000000 
27.384616 4565.000000 
27.410866 4625.000000 
27.437115 4563.000000 
27.463364 4513.000000 
27.489613 4684.000000 
27.515862 4562.000000 
27.542111 4415.000000 
27.568360 4539.000000 
27.594609 4533.000000 
27.620858 4546.000000 
27.647107 4499.000000 
27.673356 4544.000000 
27.699605 4662.000000 
27.725854 4658.000000 
27.752103 4523.000000 
27.778353 4542.000000 
27.804602 4549.000000 
27.830851 4542.000000 
27.857100 4585.000000 
27.883349 4580.000000 
27.909598 4549.000000 
27.935847 4474.000000 
27.962096 4597.000000 
27.988345 4395.000000 
28.014594 4392.000000 
28.040843 4455.000000 
28.067092 4517.000000 
28.093341 4672.000000 
28.119590 4552.000000 
28.145840 4491.000000 
28.172089 4444.000000 
28.198338 4491.000000 
28.224587 4625.000000 
28.250836 4565.000000 
28.277085 4575.000000 
28.303334 4674.000000 
28.329583 4618.000000 
28.355832 4734.000000 
28.382081 4510.000000 
28.408330 4468.000000 
28.434579 4669.000000 
28.460828 4477.000000 
28.487078 4518.000000 
28.513327 4582.000000 
28.539576 4624.000000 
28.565825 4565.000000 
28.592074 4636.000000 
28.618323 4558.000000 
28.644572 4551.000000 
28.670821 4622.000000 
28.697070 4545.000000 
28.723319 4686.000000 
28.749568 4588.000000 
28.775817 4535.000000 
28.802066 4571.000000 
28.828315 4541.000000 
28.854565 4564.000000 
28.880814 4516.000000 
28.907063 4595.000000 
28.933312 4515.000000 
28.959561 4623.000000 
28.985810 4646.000000 
29.012059 4660.000000 
29.038308 4567.000000 
29.064557 4637.000000 
29.090806 4778.000000 
29.117055 4648.000000 
29.143304 4608.000000 
29.169553 4443.000000 
29.195802 4641.000000 
29.222052 4517.000000 
29.248301 4653.000000 
29.274550 4704.000000 
29.300799 4665.000000 
29.327048 4716.000000 
29.353297 4584.000000 
29.379546 4698.000000 
29.405795 4514.000000 
29.432044 4618.000000 
29.458293 4551.000000 
29.484542 4602.000000 
29.510791 4491.000000 
29.537040 4701.000000 
29.563289 4565.000000 
29.589539 4622.000000 
29.615788 4573.000000 
29.642037 4516.000000 
29.668286 4570.000000 
29.694535 4682.000000 
29.720784 4521.000000 
29.747033 4542.000000 
29.773282 4599.000000 
29.799531 4523.000000 
29.825780 4586.000000 
29.852029 4609.000000 
29.878278 4513.000000 
29.904527 4507.000000 
29.930777 4603.000000 
29.957026 4674.000000 
29.983275 4684.000000 
30.009524 4684.000000 
30.035773 4735.000000 
30.062022 4748.000000 
30.088271 4746.000000 
30.114520 4730.000000 
30.140769 4794.000000 
30.167018 4974.000000 
30.193267 5329.000000 
30.219516 5612.000000 
30.245765 6224.000000 
30.272014 6793.000000 
30.298264 6877.000000 
30.324513 6377.000000 
30.350762 6111.000000 
30.377011 5918.000000 
30.403260 5340.000000 
30.429509 5134.000000 
30.455758 4982.000000 
30.482007 4859.000000 
30.508256 4717.000000 
30.534505 4740.000000 
30.560754 4730.000000 
30.587003 4720.000000 
30.613252 4633.000000 
30.639501 4682.000000 
30.665751 4737.000000 
30.692000 4703.000000 
30.718249 4666.000000 
30.744498 4667.000000 
30.770747 4550.000000 
30.796996 4671.000000 
30.823245 4569.000000 
30.849494 4555.000000 
30.875743 4627.000000 
30.901992 4533.000000 
30.928241 4617.000000 
30.954490 4575.000000 
30.980739 4651.000000 
31.006988 4568.000000 
31.033238 4574.000000 
31.059487 4444.000000 
31.085736 4688.000000 
31.111985 4675.000000 
31.138234 4537.000000 
31.164483 4590.000000 
31.190732 4550.000000 
31.216981 4480.000000 
31.243230 4627.000000 
31.269479 4583.000000 
31.295728 4554.000000 
31.321977 4641.000000 
31.348226 4554.000000 
31.374476 4592.000000 
31.400725 4589.000000 
31.426974 4510.000000 
31.453223 4591.000000 
31.479472 4609.000000 
31.505721 4497.000000 
31.531970 4518.000000 
31.558219 4552.000000 
31.584468 4586.000000 
31.610717 4638.000000 
31.636966 4529.000000 
31.663215 4515.000000 
31.689464 4651.000000 
31.715713 4568.000000 
31.741963 4628.000000 
31.768212 4528.000000 
31.794461 4621.000000 
31.820710 4689.000000 
31.846959 4584.000000 
31.873208 4643.000000 
31.899457 4676.000000 
31.925706 4561.000000 
31.951955 4631.000000 
31.978204 4756.000000 
32.004453 4653.000000 
32.030702 4586.000000 
32.056951 4528.000000 
32.083200 4544.000000 
32.109450 4564.000000 
32.135699 4728.000000 
32.161948 4606.000000 
32.188197 4614.000000 
32.214446 4440.000000 
32.240695 4582.000000 
32.266944 4598.000000 
32.293193 4632.000000 
32.319442 4500.000000 
32.345691 4539.000000 
32.371940 4586.000000 
32.398189 4688.000000 
32.424438 4638.000000 
32.450687 4696.000000 
32.476937 4593.000000 
32.503186 4625.000000 
32.529435 4671.000000 
32.555684 4507.000000 
32.581933 4577.000000 
32.608182 4643.000000 
32.634431 4672.000000 
32.660680 4623.000000 
32.686929 4637.000000 
32.713178 4778.000000 
32.739427 4722.000000 
32.765676 4643.000000 
32.791925 4538.000000 
32.818175 4624.000000 
32.844424 4645.000000 
32.870673 4616.000000 
32.896922 4679.000000 
32.923171 4658.000000 
32.949420 4648.000000 
32.975669 4584.000000 
33.001918 4586.000000 
33.028167 4592.000000 
33.054416 4693.000000 
33.080665 4735.000000 
33.106914 4601.000000 
33.133163 4622.000000 
33.159412 4572.000000 
33.185662 4661.000000 
33.211911 4738.000000 
33.238160 4860.000000 
33.264409 4789.000000 
33.290658 4932.000000 
33.316907 4937.000000 
33.343156 4944.000000 
33.369405 4799.000000 
33.395654 4801.000000 
33.421903 4822.000000 
33.448152 4487.000000 
33.474401 4632.000000 
33.500650 4641.000000 
33.526899 4707.000000 
33.553149 4581.000000 
33.579398 4755.000000 
33.605647 4652.000000 
33.631896 4667.000000 
33.658145 4641.000000 
33.684394 4514.000000 
33.710643 4721.000000 
33.736892 4723.000000 
33.763141 4685.000000 
33.789390 4700.000000 
33.815639 4639.000000 
33.841888 4709.000000 
33.868137 4743.000000 
33.894386 4678.000000 
33.920636 4700.000000 
33.946885 4623.000000 
33.973134 4640.000000 
33.999383 4682.000000 
34.025632 4515.000000 
34.051881 4576.000000 
34.078130 4600.000000 
34.104379 4695.000000 
34.130628 4613.000000 
34.156877 4666.000000 
34.183126 4678.000000 
34.209375 4602.000000 
34.235624 4737.000000 
34.261874 4800.000000 
34.288123 4633.000000 
34.314372 4638.000000 
34.340621 4591.000000 
34.366870 4802.000000 
34.393119 4765.000000 
34.419368 4630.000000 
34.445617 4810.000000 
34.471866 4690.000000 
34.498115 4734.000000 
34.524364 4680.000000 
34.550613 4645.000000 
34.576862 4709.000000 
34.603111 4700.000000 
34.629361 4710.000000 
34.655610 4683.000000 
34.681859 4690.000000 
34.708108 4738.000000 
34.734357 4829.000000 
34.760606 4758.000000 
34.786855 4660.000000 
34.813104 4721.000000 
34.839353 4657.000000 
34.865602 4779.000000 
34.891851 4818.000000 
34.918100 4844.000000 
34.944349 4755.000000 
34.970598 4752.000000 
34.996848 4711.000000 
35.023097 4685.000000 
35.049346 4651.000000 
35.075595 4629.000000 
35.101844 4757.000000 
35.128093 4674.000000 
35.154342 4712.000000 
35.180591 4771.000000 
35.206840 4937.000000 
35.233089 4794.000000 
35.259338 4850.000000 
35.285587 4807.000000 
35.311836 4795.000000 
35.338085 4965.000000 
35.364335 4995.000000 
35.390584 5089.000000 
35.416833 5132.000000 
35.443082 5325.000000 
35.469331 5673.000000 
35.495580 5961.000000 
35.521829 6538.000000 
35.548078 7399.000000 
35.574327 9071.000000 
35.600576 11082.000000 
35.626825 12398.000000 
35.653074 11622.000000 
35.679323 11021.000000 
35.705573 10716.000000 
35.731822 9752.000000 
35.758071 8352.000000 
35.784320 7329.000000 
35.810569 6536.000000 
35.836818 6049.000000 
35.863067 5589.000000 
35.889316 5507.000000 
35.915565 5392.000000 
35.941814 5329.000000 
35.968063 4963.000000 
35.994312 4897.000000 
36.020561 4882.000000 
36.046810 4890.000000 
36.073060 4805.000000 
36.099309 4817.000000 
36.125558 4815.000000 
36.151807 4784.000000 
36.178056 4854.000000 
36.204305 4874.000000 
36.230554 4845.000000 
36.256803 4727.000000 
36.283052 4925.000000 
36.309301 4828.000000 
36.335550 4802.000000 
36.361799 4779.000000 
36.388048 4733.000000 
36.414297 4804.000000 
36.440547 4704.000000 
36.466796 4743.000000 
36.493045 4733.000000 
36.519294 4670.000000 
36.545543 4724.000000 
36.571792 4835.000000 
36.598041 4763.000000 
36.624290 4731.000000 
36.650539 4838.000000 
36.676788 4826.000000 
36.703037 4678.000000 
36.729286 4737.000000 
36.755535 4691.000000 
36.781785 4732.000000 
36.808034 4843.000000 
36.834283 4777.000000 
36.860532 4754.000000 
36.886781 4639.000000 
36.913030 4761.000000 
36.939279 4689.000000 
36.965528 4750.000000 
36.991777 4715.000000 
37.018026 4788.000000 
37.044275 4832.000000 
37.070524 4849.000000 
37.096773 4826.000000 
37.123022 4834.000000 
37.149272 4869.000000 
37.175521 5104.000000 
37.201770 4943.000000 
37.228019 5130.000000 
37.254268 5176.000000 
37.280517 5162.000000 
37.306766 5111.000000 
37.333015 4964.000000 
37.359264 5002.000000 
37.385513 4978.000000 
37.411762 4810.000000 
37.438011 4874.000000 
37.464260 4754.000000 
37.490509 4885.000000 
37.516759 4695.000000 
37.543008 4707.000000 
37.569257 4729.000000 
37.595506 4791.000000 
37.621755 4745.000000 
37.648004 4809.000000 
37.674253 4691.000000 
37.700502 4806.000000 
37.726751 4712.000000 
37.753000 4676.000000 
37.779249 4766.000000 
37.805498 4757.000000 
37.831747 4863.000000 
37.857996 4741.000000 
37.884246 4826.000000 
37.910495 4825.000000 
37.936744 4709.000000 
37.962993 4731.000000 
37.989242 4768.000000 
38.015491 4843.000000 
38.041740 4738.000000 
38.067989 4711.000000 
38.094238 4734.000000 
38.120487 4711.000000 
38.146736 4736.000000 
38.172985 4874.000000 
38.199234 4748.000000 
38.225484 4587.000000 
38.251733 4783.000000 
38.277982 4634.000000 
38.304231 4643.000000 
38.330480 4753.000000 
38.356729 4756.000000 
38.382978 4886.000000 
38.409227 4655.000000 
38.435476 4582.000000 
38.461725 4778.000000 
38.487974 4813.000000 
38.514223 4695.000000 
38.540472 4783.000000 
38.566721 4736.000000 
38.592971 4739.000000 
38.619220 4734.000000 
38.645469 4723.000000 
38.671718 4567.000000 
38.697967 4648.000000 
38.724216 4731.000000 
38.750465 4712.000000 
38.776714 4804.000000 
38.802963 4729.000000 
38.829212 4739.000000 
38.855461 4724.000000 
38.881710 4682.000000 
38.907959 4968.000000 
38.934208 4788.000000 
38.960458 4740.000000 
38.986707 4845.000000 
39.012956 4805.000000 
39.039205 4741.000000 
39.065454 4683.000000 
39.091703 4747.000000 
39.117952 4838.000000 
39.144201 4764.000000 
39.170450 4666.000000 
39.196699 4818.000000 
39.222948 4824.000000 
39.249197 4733.000000 
39.275446 4784.000000 
39.301695 4700.000000 
39.327945 4785.000000 
39.354194 4835.000000 
39.380443 4747.000000 
39.406692 4724.000000 
39.432941 4807.000000 
39.459190 4832.000000 
39.485439 4696.000000 
39.511688 4830.000000 
39.537937 4678.000000 
39.564186 4865.000000 
39.590435 4679.000000 
39.616684 4694.000000 
39.642933 4704.000000 
39.669183 4761.000000 
39.695432 4835.000000 
39.721681 4748.000000 
39.747930 4877.000000 
39.774179 4719.000000 
39.800428 4760.000000 
39.826677 4725.000000 
39.852926 4742.000000 
39.879175 4753.000000 
39.905424 4736.000000 
39.931673 4638.000000 
39.957922 4918.000000 
39.984171 4577.000000 
40.010420 4772.000000 
40.036670 4808.000000 
40.062919 4784.000000 
40.089168 4686.000000 
40.115417 4703.000000 
40.141666 4582.000000 
40.167915 4751.000000 
40.194164 4802.000000 
40.220413 4580.000000 
40.246662 4749.000000 
40.272911 4609.000000 
40.299160 4721.000000 
40.325409 4589.000000 
40.351658 4719.000000 
40.377907 4782.000000 
40.404157 4658.000000 
40.430406 4838.000000 
40.456655 4818.000000 
40.482904 4836.000000 
40.509153 4917.000000 
40.535402 4831.000000 
40.561651 4840.000000 
40.587900 4799.000000 
40.614149 4716.000000 
40.640398 4688.000000 
40.666647 4839.000000 
40.692896 4817.000000 
40.719145 4858.000000 
40.745394 4855.000000 
40.771644 4840.000000 
40.797893 4875.000000 
40.824142 4793.000000 
40.850391 4901.000000 
40.876640 4763.000000 
40.902889 4669.000000 
40.929138 4844.000000 
40.955387 4766.000000 
40.981636 4820.000000 
41.007885 4918.000000 
41.034134 4873.000000 
41.060383 4893.000000 
41.086632 4918.000000 
41.112882 4795.000000 
41.139131 4785.000000 
41.165380 4745.000000 
41.191629 4714.000000 
41.217878 4790.000000 
41.244127 4845.000000 
41.270376 4807.000000 
41.296625 4932.000000 
41.322874 4847.000000 
41.349123 4847.000000 
41.375372 4803.000000 
41.401621 4658.000000 
41.427870 4795.000000 
41.454119 4757.000000 
41.480369 4808.000000 
41.506618 4814.000000 
41.532867 4693.000000 
41.559116 4712.000000 
41.585365 4817.000000 
41.611614 4768.000000 
41.637863 4831.000000 
41.664112 4881.000000 
41.690361 4831.000000 
41.716610 4833.000000 
41.742859 4833.000000 
41.769108 4660.000000 
41.795357 4762.000000 
41.821606 4666.000000 
41.847856 4795.000000 
41.874105 4855.000000 
41.900354 4760.000000 
41.926603 4735.000000 
41.952852 4865.000000 
41.979101 4705.000000 
42.005350 4718.000000 
42.031599 4861.000000 
42.057848 4819.000000 
42.084097 4716.000000 
42.110346 4808.000000 
42.136595 4814.000000 
42.162844 4824.000000 
42.189093 4885.000000 
42.215343 4876.000000 
42.241592 4623.000000 
42.267841 4891.000000 
42.294090 5134.000000 
42.320339 4645.000000 
42.346588 4827.000000 
42.372837 4802.000000 
42.399086 4723.000000 
42.425335 4826.000000 
42.451584 4800.000000 
42.477833 4845.000000 
42.504082 4753.000000 
42.530331 4705.000000 
42.556581 4702.000000 
42.582830 4692.000000 
42.609079 4772.000000 
42.635328 4734.000000 
42.661577 4710.000000 
42.687826 4783.000000 
42.714075 4694.000000 
42.740324 4805.000000 
42.766573 4789.000000 
42.792822 4858.000000 
42.819071 4908.000000 
42.845320 4785.000000 
42.871569 4730.000000 
42.897818 4792.000000 
42.924068 4812.000000 
42.950317 4900.000000 
42.976566 4850.000000 
43.002815 4844.000000 
43.029064 4882.000000 
43.055313 5015.000000 
43.081562 5169.000000 
43.107811 5070.000000 
43.134060 5108.000000 
43.160309 5305.000000 
43.186558 5615.000000 
43.212807 5919.000000 
43.239056 6214.000000 
43.265305 6296.000000 
43.291555 6025.000000 
43.317804 5987.000000 
43.344053 5970.000000 
43.370302 5843.000000 
43.396551 5776.000000 
43.422800 5325.000000 
43.449049 5339.000000 
43.475298 4997.000000 
43.501547 5038.000000 
43.527796 5068.000000 
43.554045 5035.000000 
43.580294 4844.000000 
43.606543 5056.000000 
43.632792 4780.000000 
43.659042 4798.000000 
43.685291 4947.000000 
43.711540 4923.000000 
43.737789 4841.000000 
43.764038 4771.000000 
43.790287 4730.000000 
43.816536 4765.000000 
43.842785 4860.000000 
43.869034 4851.000000 
43.895283 4863.000000 
43.921532 4783.000000 
43.947781 4809.000000 
43.974030 4909.000000 
44.000280 4727.000000 
44.026529 4808.000000 
44.052778 4749.000000 
44.079027 4710.000000 
44.105276 4938.000000 
44.131525 4656.000000 
44.157774 4807.000000 
44.184023 4769.000000 
44.210272 4703.000000 
44.236521 4646.000000 
44.262770 4704.000000 
44.289019 4827.000000 
44.315268 4798.000000 
44.341517 4782.000000 
44.367767 4737.000000 
44.394016 4753.000000 
44.420265 4840.000000 
44.446514 4762.000000 
44.472763 4721.000000 
44.499012 4657.000000 
44.525261 4923.000000 
44.551510 4723.000000 
44.577759 4742.000000 
44.604008 4869.000000 
44.630257 4855.000000 
44.656506 4745.000000 
44.682755 4933.000000 
44.709004 4711.000000 
44.735254 4766.000000 
44.761503 4742.000000 
44.787752 4814.000000 
44.814001 4878.000000 
44.840250 4649.000000 
44.866499 4787.000000 
44.892748 4706.000000 
44.918997 4816.000000 
44.945246 4806.000000 
44.971495 4835.000000 
44.997744 4830.000000 
45.023993 4933.000000 
45.050242 4772.000000 
45.076491 4697.000000 
45.102741 4807.000000 
45.128990 4860.000000 
45.155239 4660.000000 
45.181488 4824.000000 
45.207737 4739.000000 
45.233986 4857.000000 
45.260235 4720.000000 
45.286484 4847.000000 
45.312733 4703.000000 
45.338982 4771.000000 
45.365231 4831.000000 
45.391480 4909.000000 
45.417729 4799.000000 
45.443979 4727.000000 
45.470228 4819.000000 
45.496477 4812.000000 
45.522726 4699.000000 
45.548975 4867.000000 
45.575224 4700.000000 
45.601473 4878.000000 
45.627722 4784.000000 
45.653971 4642.000000 
45.680220 4821.000000 
45.706469 4928.000000 
45.732718 4758.000000 
45.758967 4847.000000 
45.785216 4879.000000 
45.811466 4827.000000 
45.837715 4819.000000 
45.863964 4789.000000 
45.890213 4659.000000 
45.916462 4815.000000 
45.942711 4780.000000 
45.968960 4819.000000 
45.995209 4783.000000 
46.021458 4768.000000 
46.047707 4685.000000 
46.073956 4872.000000 
46.100205 4851.000000 
46.126454 4872.000000 
46.152703 4640.000000 
46.178953 4705.000000 
46.205202 4780.000000 
46.231451 4752.000000 
46.257700 4833.000000 
46.283949 4727.000000 
46.310198 4876.000000 
46.336447 4885.000000 
46.362696 4811.000000 
46.388945 4817.000000 
46.415194 4641.000000 
46.441443 4666.000000 
46.467692 4928.000000 
46.493941 4764.000000 
46.520190 4818.000000 
46.546440 4772.000000 
46.572689 4822.000000 
46.598938 4771.000000 
46.625187 4933.000000 
46.651436 4836.000000 
46.677685 4692.000000 
46.703934 4866.000000 
46.730183 4883.000000 
46.756432 4629.000000 
46.782681 4761.000000 
46.808930 4783.000000 
46.835179 4876.000000 
46.861428 4701.000000 
46.887678 4839.000000 
46.913927 4927.000000 
46.940176 4929.000000 
46.966425 4773.000000 
46.992674 4802.000000 
47.018923 4760.000000 
47.045172 4929.000000 
47.071421 4720.000000 
47.097670 4736.000000 
47.123919 4576.000000 
47.150168 4873.000000 
47.176417 4726.000000 
47.202666 4913.000000 
47.228915 4839.000000 
47.255165 4891.000000 
47.281414 4836.000000 
47.307663 4858.000000 
47.333912 4855.000000 
47.360161 4727.000000 
47.386410 4923.000000 
47.412659 4747.000000 
47.438908 4879.000000 
47.465157 4804.000000 
47.491406 4810.000000 
47.517655 4900.000000 
47.543904 4760.000000 
47.570153 4759.000000 
47.596402 4716.000000 
47.622652 4724.000000 
47.648901 4831.000000 
47.675150 4722.000000 
47.701399 4821.000000 
47.727648 4884.000000 
47.753897 4795.000000 
47.780146 4750.000000 
47.806395 4892.000000 
47.832644 4686.000000 
47.858893 4839.000000 
47.885142 4807.000000 
47.911391 4706.000000 
47.937640 4750.000000 
47.963889 4719.000000 
47.990139 4848.000000 
48.016388 4835.000000 
48.042637 4839.000000 
48.068886 4861.000000 
48.095135 4742.000000 
48.121384 4885.000000 
48.147633 4656.000000 
48.173882 4865.000000 
48.200131 4688.000000 
48.226380 4745.000000 
48.252629 4683.000000 
48.278878 4845.000000 
48.305127 4826.000000 
48.331377 4699.000000 
48.357626 4771.000000 
48.383875 4804.000000 
48.410124 4784.000000 
48.436373 4829.000000 
48.462622 4803.000000 
48.488871 4887.000000 
48.515120 4882.000000 
48.541369 4797.000000 
48.567618 4840.000000 
48.593867 4799.000000 
48.620116 4754.000000 
48.646365 4793.000000 
48.672614 4794.000000 
48.698864 4750.000000 
48.725113 4887.000000 
48.751362 4850.000000 
48.777611 4922.000000 
48.803860 4770.000000 
48.830109 4724.000000 
48.856358 4814.000000 
48.882607 4770.000000 
48.908856 4794.000000 
48.935105 4741.000000 
48.961354 4789.000000 
48.987603 4706.000000 
49.013852 4789.000000 
49.040101 4854.000000 
49.066351 4899.000000 
49.092600 4671.000000 
49.118849 4805.000000 
49.145098 4937.000000 
49.171347 4849.000000 
49.197596 4831.000000 
49.223845 4899.000000 
49.250094 4876.000000 
49.276343 4894.000000 
49.302592 4844.000000 
49.328841 4964.000000 
49.355090 4974.000000 
49.381339 4714.000000 
49.407589 4835.000000 
49.433838 4841.000000 
49.460087 4801.000000 
49.486336 4892.000000 
49.512585 4897.000000 
49.538834 4926.000000 
49.565083 4965.000000 
49.591332 4887.000000 
49.617581 4960.000000 
49.643830 5113.000000 
49.670079 4899.000000 
49.696328 5053.000000 
49.722577 4975.000000 
49.748826 4927.000000 
49.775076 4882.000000 
49.801325 4845.000000 
49.827574 4885.000000 
49.853823 4776.000000 
49.880072 4857.000000 
49.906321 4871.000000 
49.932570 4938.000000 
49.958819 4857.000000 
49.985068 4917.000000 
50.011317 4832.000000 
50.037566 4794.000000 
50.063815 4773.000000 
50.090064 4884.000000 
50.116313 4829.000000 
50.142563 4837.000000 
50.168812 4880.000000 
50.195061 4800.000000 
50.221310 4824.000000 
50.247559 4929.000000 
50.273808 4954.000000 
50.300057 4918.000000 
50.326306 4948.000000 
50.352555 4814.000000 
50.378804 4982.000000 
50.405053 4830.000000 
50.431302 4818.000000 
50.457551 4795.000000 
50.483800 4700.000000 
50.510050 4939.000000 
50.536299 4871.000000 
50.562548 4824.000000 
50.588797 4842.000000 
50.615046 4780.000000 
50.641295 4734.000000 
50.667544 4907.000000 
50.693793 4732.000000 
50.720042 4711.000000 
50.746291 4843.000000 
50.772540 4923.000000 
50.798789 4800.000000 
50.825038 4900.000000 
50.851288 4906.000000 
50.877537 4707.000000 
50.903786 4864.000000 
50.930035 4706.000000 
50.956284 4734.000000 
50.982533 4990.000000 
51.008782 4923.000000 
51.035031 4874.000000 
51.061280 4827.000000 
51.087529 4833.000000 
51.113778 4754.000000 
51.140027 4794.000000 
51.166276 4753.000000 
51.192525 4791.000000 
51.218775 4809.000000 
51.245024 4855.000000 
51.271273 4862.000000 
51.297522 4850.000000 
51.323771 4960.000000 
51.350020 4749.000000 
51.376269 4811.000000 
51.402518 4864.000000 
51.428767 4763.000000 
51.455016 4757.000000 
51.481265 4768.000000 
51.507514 4771.000000 
51.533763 4935.000000 
51.560012 4861.000000 
51.586262 4765.000000 
51.612511 4899.000000 
51.638760 4897.000000 
51.665009 4824.000000 
51.691258 4851.000000 
51.717507 4704.000000 
51.743756 4802.000000 
51.770005 4758.000000 
51.796254 4940.000000 
51.822503 4888.000000 
51.848752 4900.000000 
51.875001 4819.000000 
51.901250 4868.000000 
51.927499 4878.000000 
51.953749 4734.000000 
51.979998 4828.000000 
52.006247 4937.000000 
52.032496 4852.000000 
52.058745 4714.000000 
52.084994 4854.000000 
52.111243 4764.000000 
52.137492 4820.000000 
52.163741 4750.000000 
52.189990 4825.000000 
52.216239 4875.000000 
52.242488 4816.000000 
52.268737 4928.000000 
52.294987 5004.000000 
52.321236 4816.000000 
52.347485 4888.000000 
52.373734 4751.000000 
52.399983 4793.000000 
52.426232 4923.000000 
52.452481 4773.000000 
52.478730 4758.000000 
52.504979 4961.000000 
52.531228 4754.000000 
52.557477 4858.000000 
52.583726 4854.000000 
52.609975 4857.000000 
52.636224 4835.000000 
52.662474 4777.000000 
52.688723 4866.000000 
52.714972 4749.000000 
52.741221 4895.000000 
52.767470 4917.000000 
52.793719 4926.000000 
52.819968 4807.000000 
52.846217 4770.000000 
52.872466 4869.000000 
52.898715 4884.000000 
52.924964 4745.000000 
52.951213 4846.000000 
52.977462 4749.000000 
53.003711 4778.000000 
53.029961 4929.000000 
53.056210 4839.000000 
53.082459 4738.000000 
53.108708 4891.000000 
53.134957 4742.000000 
53.161206 4795.000000 
53.187455 4705.000000 
53.213704 4916.000000 
53.239953 4932.000000 
53.266202 4810.000000 
53.292451 4881.000000 
53.318700 4928.000000 
53.344949 4928.000000 
53.371198 4854.000000 
53.397448 4891.000000 
53.423697 4875.000000 
53.449946 5000.000000 
53.476195 5026.000000 
53.502444 4913.000000 
53.528693 5188.000000 
53.554942 5342.000000 
53.581191 5372.000000 
53.607440 5663.000000 
53.633689 5375.000000 
53.659938 5263.000000 
53.686187 5254.000000 
53.712436 5294.000000 
53.738686 5323.000000 
53.764935 5299.000000 
53.791184 5209.000000 
53.817433 5276.000000 
53.843682 5203.000000 
53.869931 5174.000000 
53.896180 4981.000000 
53.922429 4846.000000 
53.948678 5043.000000 
53.974927 5064.000000 
54.001176 4910.000000 
54.027425 4851.000000 
54.053674 4968.000000 
54.079923 4891.000000 
54.106173 4811.000000 
54.132422 4863.000000 
54.158671 5022.000000 
54.184920 4934.000000 
54.211169 4957.000000 
54.237418 4930.000000 
54.263667 5063.000000 
54.289916 4992.000000 
54.316165 4827.000000 
54.342414 4943.000000 
54.368663 4936.000000 
54.394912 4838.000000 
54.421161 4925.000000 
54.447410 4949.000000 
54.473660 4847.000000 
54.499909 4901.000000 
54.526158 4776.000000 
54.552407 4806.000000 
54.578656 4793.000000 
54.604905 4837.000000 
54.631154 4808.000000 
54.657403 4853.000000 
54.683652 4806.000000 
54.709901 4945.000000 
54.736150 4840.000000 
54.762399 4992.000000 
54.788648 4807.000000 
54.814897 4824.000000 
54.841147 4815.000000 
54.867396 4924.000000 
54.893645 4874.000000 
54.919894 4844.000000 
54.946143 4960.000000 
54.972392 4715.000000 
54.998641 4890.000000 
55.024890 4848.000000 
55.051139 4745.000000 
55.077388 4839.000000 
55.103637 4972.000000 
55.129886 4836.000000 
55.156135 4879.000000 
55.182385 4959.000000 
55.208634 4899.000000 
55.234883 4847.000000 
55.261132 4737.000000 
55.287381 4787.000000 
55.313630 4876.000000 
55.339879 4828.000000 
55.366128 4962.000000 
55.392377 4806.000000 
55.418626 4799.000000 
55.444875 4802.000000 
55.471124 4909.000000 
55.497373 4846.000000 
55.523622 4795.000000 
55.549872 4986.000000 
55.576121 4801.000000 
55.602370 4949.000000 
55.628619 4851.000000 
55.654868 4863.000000 
55.681117 4799.000000 
55.707366 4840.000000 
55.733615 4775.000000 
55.759864 4882.000000 
55.786113 4972.000000 
55.812362 4844.000000 
55.838611 4776.000000 
55.864860 4900.000000 
55.891109 4916.000000 
55.917359 4989.000000 
55.943608 4860.000000 
55.969857 4740.000000 
55.996106 4866.000000 
56.022355 4906.000000 
56.048604 4836.000000 
56.074853 4847.000000 
56.101102 4794.000000 
56.127351 4767.000000 
56.153600 4937.000000 
56.179849 4921.000000 
56.206098 4819.000000 
56.232347 4896.000000 
56.258596 4833.000000 
56.284846 4968.000000 
56.311095 4781.000000 
56.337344 4796.000000 
56.363593 4814.000000 
56.389842 4771.000000 
56.416091 4898.000000 
56.442340 4925.000000 
56.468589 4987.000000 
56.494838 4971.000000 
56.521087 4776.000000 
56.547336 4914.000000 
56.573585 4900.000000 
56.599834 4895.000000 
56.626084 4953.000000 
56.652333 4858.000000 
56.678582 4877.000000 
56.704831 4708.000000 
56.731080 4955.000000 
56.757329 4957.000000 
56.783578 4945.000000 
56.809827 5018.000000 
56.836076 4846.000000 
56.862325 4978.000000 
56.888574 4981.000000 
56.914823 5068.000000 
56.941072 5204.000000 
56.967321 5121.000000 
56.993571 5160.000000 
57.019820 5347.000000 
57.046069 5557.000000 
57.072318 6019.000000 
57.098567 6460.000000 
57.124816 6763.000000 
57.151065 6602.000000 
57.177314 6388.000000 
57.203563 6119.000000 
57.229812 6243.000000 
57.256061 6294.000000 
57.282310 6105.000000 
57.308559 6076.000000 
57.334808 5815.000000 
57.361058 5653.000000 
57.387307 5422.000000 
57.413556 5302.000000 
57.439805 5365.000000 
57.466054 5169.000000 
57.492303 5222.000000 
57.518552 5155.000000 
57.544801 5075.000000 
57.571050 5083.000000 
57.597299 5072.000000 
57.623548 5064.000000 
57.649797 4917.000000 
57.676046 4918.000000 
57.702295 4884.000000 
57.728545 5060.000000 
57.754794 4896.000000 
57.781043 4851.000000 
57.807292 4938.000000 
57.833541 5070.000000 
57.859790 5011.000000 
57.886039 4826.000000 
57.912288 5025.000000 
57.938537 4849.000000 
57.964786 5067.000000 
57.991035 4881.000000 
58.017284 4926.000000 
58.043533 4853.000000 
58.069783 4951.000000 
58.096032 4873.000000 
58.122281 4754.000000 
58.148530 4907.000000 
58.174779 4957.000000 
58.201028 4757.000000 
58.227277 4911.000000 
58.253526 4944.000000 
58.279775 4776.000000 
58.306024 4986.000000 
58.332273 4920.000000 
58.358522 4872.000000 
58.384771 5040.000000 
58.411020 4904.000000 
58.437270 4997.000000 
58.463519 4954.000000 
58.489768 4887.000000 
58.516017 4938.000000 
58.542266 4871.000000 
58.568515 4911.000000 
58.594764 4991.000000 
58.621013 4745.000000 
58.647262 4939.000000 
58.673511 4902.000000 
58.699760 4859.000000 
58.726009 4978.000000 
58.752258 4986.000000 
58.778507 4946.000000 
58.804757 4865.000000 
58.831006 4856.000000 
58.857255 4879.000000 
58.883504 4952.000000 
58.909753 4969.000000 
58.936002 4909.000000 
58.962251 4820.000000 
58.988500 4847.000000 
59.014749 4812.000000 
59.040998 4969.000000 
59.067247 4922.000000 
59.093496 4938.000000 
59.119745 4979.000000 
59.145994 4891.000000 
59.172244 4858.000000 
59.198493 4813.000000 
59.224742 4920.000000 
59.250991 4892.000000 
59.277240 4791.000000 
59.303489 4942.000000 
59.329738 4800.000000 
59.355987 4844.000000 
59.382236 4887.000000 
59.408485 4974.000000 
59.434734 4846.000000 
59.460983 4878.000000 
59.487232 4756.000000 
59.513482 4868.000000 
59.539731 4764.000000 
59.565980 4849.000000 
59.592229 4822.000000 
59.618478 5005.000000 
59.644727 5076.000000 
59.670976 4789.000000 
59.697225 4922.000000 
59.723474 4787.000000 
59.749723 4878.000000 
59.775972 4847.000000 
59.802221 4875.000000 
59.828470 4819.000000 
59.854719 4823.000000 
59.880969 4914.000000 
59.907218 4955.000000 
59.933467 4784.000000 
59.959716 4857.000000 
59.985965 4830.000000 
60.012214 4939.000000 
60.038463 4828.000000 
60.064712 5059.000000 
60.090961 4905.000000 
60.117210 4850.000000 
60.143459 4965.000000 
60.169708 4846.000000 
60.195957 4819.000000 
60.222206 4894.000000 
60.248456 5086.000000 
60.274705 5012.000000 
60.300954 4854.000000 
60.327203 4872.000000 
60.353452 4943.000000 
60.379701 4986.000000 
60.405950 4844.000000 
60.432199 4946.000000 
60.458448 4798.000000 
60.484697 4822.000000 
60.510946 4894.000000 
60.537195 4961.000000 
60.563444 5034.000000 
60.589693 4981.000000 
60.615943 4852.000000 
60.642192 4863.000000 
60.668441 5078.000000 
60.694690 4819.000000 
60.720939 4933.000000 
60.747188 4868.000000 
60.773437 4830.000000 
60.799686 4930.000000 
60.825935 4895.000000 
60.852184 5005.000000 
60.878433 4897.000000 
60.904682 5026.000000 
60.930931 4933.000000 
60.957181 4823.000000 
60.983430 4868.000000 
61.009679 4855.000000 
61.035928 4828.000000 
61.062177 4780.000000 
61.088426 4924.000000 
61.114675 4933.000000 
61.140924 4858.000000 
61.167173 4955.000000 
61.193422 5037.000000 
61.219671 4751.000000 
61.245920 4933.000000 
61.272169 4822.000000 
61.298418 4706.000000 
61.324668 4828.000000 
61.350917 4904.000000 
61.377166 4794.000000 
61.403415 4916.000000 
61.429664 4936.000000 
61.455913 4986.000000 
61.482162 4827.000000 
61.508411 4929.000000 
61.534660 4881.000000 
61.560909 4892.000000 
61.587158 4965.000000 
61.613407 4944.000000 
61.639656 4867.000000 
61.665905 4844.000000 
61.692155 4998.000000 
61.718404 4917.000000 
61.744653 4977.000000 
61.770902 4941.000000 
61.797151 4844.000000 
61.823400 4852.000000 
61.849649 5013.000000 
61.875898 4831.000000 
61.902147 4957.000000 
61.928396 4837.000000 
61.954645 4941.000000 
61.980894 4866.000000 
62.007143 4798.000000 
62.033393 4961.000000 
62.059642 5087.000000 
62.085891 4977.000000 
62.112140 4983.000000 
62.138389 4937.000000 
62.164638 5001.000000 
62.190887 4954.000000 
62.217136 4930.000000 
62.243385 4910.000000 
62.269634 4935.000000 
62.295883 4997.000000 
62.322132 5023.000000 
62.348381 4984.000000 
62.374630 4966.000000 
62.400880 5206.000000 
62.427129 5036.000000 
62.453378 5120.000000 
62.479627 5311.000000 
62.505876 5151.000000 
62.532125 5211.000000 
62.558374 5528.000000 
62.584623 5737.000000 
62.610872 5872.000000 
62.637121 6246.000000 
62.663370 6812.000000 
62.689619 7216.000000 
62.715868 7187.000000 
62.742117 6787.000000 
62.768367 6769.000000 
62.794616 6563.000000 
62.820865 6571.000000 
62.847114 6484.000000 
62.873363 6622.000000 
62.899612 6399.000000 
62.925861 6207.000000 
62.952110 5976.000000 
62.978359 5799.000000 
63.004608 5583.000000 
63.030857 5511.000000 
63.057106 5410.000000 
63.083355 5300.000000 
63.109604 5241.000000 
63.135854 5051.000000 
63.162103 5061.000000 
63.188352 4973.000000 
63.214601 5108.000000 
63.240850 5066.000000 
63.267099 4915.000000 
63.293348 5063.000000 
63.319597 5069.000000 
63.345846 5025.000000 
63.372095 4878.000000 
63.398344 5018.000000 
63.424593 4999.000000 
63.450842 4967.000000 
63.477092 5105.000000 
63.503341 4984.000000 
63.529590 4904.000000 
63.555839 4876.000000 
63.582088 4908.000000 
63.608337 4935.000000 
63.634586 4869.000000 
63.660835 4922.000000 
63.687084 4981.000000 
63.713333 4905.000000 
63.739582 4965.000000 
63.765831 4918.000000 
63.792080 4894.000000 
63.818329 5060.000000 
63.844579 5077.000000 
63.870828 5055.000000 
63.897077 4874.000000 
63.923326 4937.000000 
63.949575 4930.000000 
63.975824 4899.000000 
64.002073 4893.000000 
64.028322 4924.000000 
64.054571 5072.000000 
64.080820 5002.000000 
64.107069 4989.000000 
64.133318 5110.000000 
64.159567 5041.000000 
64.185816 5038.000000 
64.212066 4984.000000 
64.238315 4954.000000 
64.264564 4924.000000 
64.290813 4924.000000 
64.317062 5088.000000 
64.343311 5055.000000 
64.369560 4953.000000 
64.395809 4986.000000 
64.422058 4923.000000 
64.448307 4908.000000 
64.474556 4858.000000 
64.500805 5053.000000 
64.527054 5013.000000 
64.553303 4807.000000 
64.579553 4944.000000 
64.605802 4933.000000 
64.632051 4946.000000 
64.658300 4947.000000 
64.684549 4852.000000 
64.710798 4949.000000 
64.737047 4867.000000 
64.763296 4862.000000 
64.789545 4791.000000 
64.815794 4947.000000 
64.842043 4944.000000 
64.868292 4822.000000 
64.894541 4810.000000 
64.920791 5018.000000 
64.947040 4859.000000 
64.973289 4899.000000 
64.999538 4922.000000 
65.025787 4893.000000 
65.052036 5014.000000 
65.078285 4768.000000 
65.104534 4825.000000 
65.130783 4883.000000 
65.157032 4822.000000 
65.183281 4917.000000 
65.209530 5027.000000 
65.235779 4974.000000 
65.262028 4806.000000 
65.288278 4952.000000 
65.314527 4958.000000 
65.340776 4908.000000 
65.367025 4968.000000 
65.393274 4896.000000 
65.419523 4901.000000 
65.445772 4844.000000 
65.472021 4985.000000 
65.498270 4940.000000 
65.524519 4858.000000 
65.550768 4895.000000 
65.577017 4972.000000 
65.603266 4944.000000 
65.629515 4884.000000 
65.655765 5067.000000 
65.682014 4904.000000 
65.708263 4942.000000 
65.734512 4968.000000 
65.760761 4945.000000 
65.787010 4930.000000 
65.813259 4932.000000 
65.839508 5004.000000 
65.865757 5001.000000 
65.892006 5033.000000 
65.918255 4908.000000 
65.944504 4926.000000 
65.970753 4971.000000 
65.997002 4862.000000 
66.023252 4956.000000 
66.049501 4947.000000 
66.075750 4976.000000 
66.101999 4851.000000 
66.128248 4928.000000 
66.154497 5046.000000 
66.180746 4885.000000 
66.206995 4980.000000 
66.233244 5023.000000 
66.259493 5055.000000 
66.285742 4855.000000 
66.311991 4915.000000 
66.338240 5012.000000 
66.364490 4849.000000 
66.390739 5033.000000 
66.416988 4859.000000 
66.443237 4907.000000 
66.469486 4918.000000 
66.495735 4908.000000 
66.521984 4996.000000 
66.548233 4972.000000 
66.574482 5078.000000 
66.600731 4961.000000 
66.626980 4893.000000 
66.653229 4903.000000 
66.679478 4971.000000 
66.705727 4970.000000 
66.731977 4833.000000 
66.758226 4925.000000 
66.784475 4943.000000 
66.810724 4999.000000 
66.836973 5047.000000 
66.863222 4941.000000 
66.889471 4936.000000 
66.915720 4944.000000 
66.941969 4997.000000 
66.968218 4895.000000 
66.994467 4938.000000 
67.020716 4845.000000 
67.046965 5063.000000 
67.073214 4984.000000 
67.099464 4972.000000 
67.125713 4965.000000 
67.151962 4947.000000 
67.178211 5009.000000 
67.204460 4900.000000 
67.230709 4895.000000 
67.256958 4995.000000 
67.283207 4956.000000 
67.309456 4946.000000 
67.335705 5019.000000 
67.361954 4993.000000 
67.388203 4902.000000 
67.414452 4916.000000 
67.440701 4941.000000 
67.466951 4935.000000 
67.493200 5016.000000 
67.519449 4843.000000 
67.545698 5018.000000 
67.571947 4851.000000 
67.598196 4940.000000 
67.624445 4924.000000 
67.650694 4982.000000 
67.676943 4898.000000 
67.703192 4996.000000 
67.729441 4971.000000 
67.755690 4867.000000 
67.781939 4924.000000 
67.808189 5023.000000 
67.834438 5057.000000 
67.860687 4958.000000 
67.886936 5074.000000 
67.913185 5090.000000 
67.939434 5073.000000 
67.965683 4887.000000 
67.991932 4977.000000 
68.018181 4999.000000 
68.044430 5011.000000 
68.070679 5075.000000 
68.096928 4960.000000 
68.123177 4949.000000 
68.149426 4980.000000 
68.175676 4991.000000 
68.201925 5009.000000 
68.228174 4962.000000 
68.254423 4889.000000 
68.280672 4925.000000 
68.306921 4958.000000 
68.333170 5047.000000 
68.359419 4969.000000 
68.385668 4937.000000 
68.411917 5169.000000 
68.438166 4930.000000 
68.464415 4881.000000 
68.490664 4916.000000 
68.516913 4937.000000 
68.543163 4941.000000 
68.569412 4876.000000 
68.595661 5049.000000 
68.621910 4900.000000 
68.648159 5004.000000 
68.674408 5007.000000 
68.700657 4899.000000 
68.726906 4980.000000 
68.753155 5005.000000 
68.779404 4929.000000 
68.805653 4968.000000 
68.831902 4979.000000 
68.858151 4967.000000 
68.884400 4899.000000 
68.910650 5028.000000 
68.936899 4980.000000 
68.963148 5035.000000 
68.989397 4961.000000 
69.015646 4969.000000 
69.041895 4928.000000 
69.068144 5052.000000 
69.094393 5040.000000 
69.120642 4852.000000 
69.146891 4876.000000 
69.173140 5032.000000 
69.199389 4896.000000 
69.225638 5095.000000 
69.251888 4992.000000 
69.278137 4970.000000 
69.304386 4951.000000 
69.330635 4922.000000 
69.356884 4961.000000 
69.383133 4908.000000 
69.409382 4951.000000 
69.435631 5028.000000 
69.461880 4883.000000 
69.488129 4958.000000 
69.514378 5060.000000 
69.540627 5122.000000 
69.566876 4995.000000 
69.593125 4967.000000 
69.619375 4883.000000 
69.645624 4775.000000 
69.671873 4905.000000 
69.698122 5044.000000 
69.724371 4916.000000 
69.750620 4953.000000 
69.776869 4890.000000 
69.803118 5054.000000 
69.829367 4973.000000 
69.855616 4940.000000 
69.881865 5019.000000 
69.908114 4952.000000 
69.934363 4927.000000 
69.960612 4983.000000 
