10.007730 4691.000000 
10.033979 4584.000000 
10.060228 4463.000000 
10.086478 4593.000000 
10.112727 4574.000000 
10.138976 4644.000000 
10.165225 4596.000000 
10.191474 4679.000000 
10.217723 4684.000000 
10.243972 4674.000000 
10.270221 4557.000000 
10.296470 4686.000000 
10.322719 4670.000000 
10.348968 4512.000000 
10.375218 4823.000000 
10.401467 4719.000000 
10.427716 4670.000000 
10.453965 4606.000000 
10.480214 4738.000000 
10.506463 4592.000000 
10.532712 4559.000000 
10.558961 4659.000000 
10.585210 4603.000000 
10.611459 4736.000000 
10.637708 4668.000000 
10.663958 4778.000000 
10.690207 4721.000000 
10.716456 4650.000000 
10.742705 4834.000000 
10.768954 4631.000000 
10.795203 4684.000000 
10.821452 4665.000000 
10.847701 4660.000000 
10.873950 4797.000000 
10.900199 4694.000000 
10.926448 4882.000000 
10.952698 4572.000000 
10.978947 4705.000000 
11.005196 4843.000000 
11.031445 4709.000000 
11.057694 4752.000000 
11.083943 4706.000000 
11.110192 4849.000000 
11.136441 4847.000000 
11.162690 4805.000000 
11.188939 4760.000000 
11.215188 4667.000000 
11.241438 4749.000000 
11.267687 4891.000000 
11.293936 4786.000000 
11.320185 4565.000000 
11.346434 4868.000000 
11.372683 4787.000000 
11.398932 4762.000000 
11.425181 4663.000000 
11.451430 4862.000000 
11.477679 4754.000000 
11.503928 4803.000000 
11.530178 4654.000000 
11.556427 4788.000000 
11.582676 4792.000000 
11.608925 4811.000000 
11.635174 4809.000000 
11.661423 4717.000000 
11.687672 4881.000000 
11.713921 4776.000000 
11.740170 4849.000000 
11.766419 4817.000000 
11.792668 4862.000000 
11.818918 5019.000000 
11.845167 4963.000000 
11.871416 4971.000000 
11.897665 4899.000000 
11.923914 4978.000000 
11.950163 4871.000000 
11.976412 4891.000000 
12.002661 4751.000000 
12.028910 4902.000000 
12.055159 4890.000000 
12.081409 4927.000000 
12.107658 4956.000000 
12.133907 4929.000000 
12.160156 4829.000000 
12.186405 4970.000000 
12.212654 4823.000000 
12.238903 4859.000000 
12.265152 5033.000000 
12.291401 4987.000000 
12.317650 4982.000000 
12.343899 4915.000000 
12.370149 4966.000000 
12.396398 4884.000000 
12.422647 4983.000000 
12.448896 4963.000000 
12.475145 5057.000000 
12.501394 4934.000000 
12.527643 4981.000000 
12.553892 4869.000000 
12.580141 4793.000000 
12.606390 4975.000000 
12.632639 4805.000000 
12.658889 5014.000000 
12.685138 4974.000000 
12.711387 4921.000000 
12.737636 4979.000000 
12.763885 4914.000000 
12.790134 4925.000000 
12.816383 4841.000000 
12.842632 5056.000000 
12.868881 4897.000000 
12.895130 4942.000000 
12.921379 4904.000000 
12.947629 4949.000000 
12.973878 4982.000000 
13.000127 4954.000000 
13.026376 4982.000000 
13.052625 5093.000000 
13.078874 5037.000000 
13.105123 5149.000000 
13.131372 5124.000000 
13.157621 5050.000000 
13.183870 5120.000000 
13.210119 4920.000000 
13.236369 5033.000000 
13.262618 4909.000000 
13.288867 4929.000000 
13.315116 5012.000000 
13.341365 5070.000000 
13.367614 5088.000000 
13.393863 5006.000000 
13.420112 5066.000000 
13.446361 4885.000000 
13.472610 4973.000000 
13.498859 5049.000000 
13.525109 5042.000000 
13.551358 4988.000000 
13.577607 5030.000000 
13.603856 5021.000000 
13.630105 5058.000000 
13.656354 5069.000000 
13.682603 4963.000000 
13.708852 5211.000000 
13.735101 5021.000000 
13.761350 4957.000000 
13.787599 5031.000000 
13.813849 5018.000000 
13.840098 5155.000000 
13.866347 5072.000000 
13.892596 5070.000000 
13.918845 5195.000000 
13.945094 5066.000000 
13.971343 4999.000000 
13.997592 5131.000000 
14.023841 4893.000000 
14.050090 5094.000000 
14.076339 5056.000000 
14.102589 5053.000000 
14.128838 5135.000000 
14.155087 5123.000000 
14.181336 5015.000000 
14.207585 5231.000000 
14.233834 5057.000000 
14.260083 5086.000000 
14.286332 5178.000000 
14.312581 5084.000000 
14.338830 5047.000000 
14.365079 5186.000000 
14.391329 5129.000000 
14.417578 5240.000000 
14.443827 5032.000000 
14.470076 5053.000000 
14.496325 5167.000000 
14.522574 5110.000000 
14.548823 5214.000000 
14.575072 5057.000000 
14.601321 5100.000000 
14.627570 5094.000000 
14.653819 5118.000000 
14.680069 5195.000000 
14.706318 5071.000000 
14.732567 5177.000000 
14.758816 5167.000000 
14.785065 5262.000000 
14.811314 5000.000000 
14.837563 5195.000000 
14.863812 5040.000000 
14.890061 5100.000000 
14.916310 5124.000000 
14.942559 5162.000000 
14.968809 5112.000000 
14.995058 5150.000000 
15.021307 5166.000000 
15.047556 5051.000000 
15.073805 5195.000000 
15.100054 5021.000000 
15.126303 5103.000000 
15.152552 5169.000000 
15.178801 5240.000000 
15.205050 5073.000000 
15.231299 5197.000000 
15.257549 5170.000000 
15.283798 5213.000000 
15.310047 5193.000000 
15.336296 5039.000000 
15.362545 5103.000000 
15.388794 5167.000000 
15.415043 5103.000000 
15.441292 5133.000000 
15.467541 5147.000000 
15.493790 5144.000000 
15.520039 5270.000000 
15.546289 5133.000000 
15.572538 5183.000000 
15.598787 5221.000000 
15.625036 5064.000000 
15.651285 5164.000000 
15.677534 5045.000000 
15.703783 5166.000000 
15.730032 5023.000000 
15.756281 5153.000000 
15.782530 5078.000000 
15.808779 5237.000000 
15.835029 5041.000000 
15.861278 5152.000000 
15.887527 5097.000000 
15.913776 4968.000000 
15.940025 5103.000000 
15.966274 5149.000000 
15.992523 5068.000000 
16.018772 5204.000000 
16.045021 5080.000000 
16.071270 5123.000000 
16.097519 5148.000000 
16.123769 5140.000000 
16.150018 5227.000000 
16.176267 5118.000000 
16.202516 4969.000000 
16.228765 5036.000000 
16.255014 5105.000000 
16.281263 5220.000000 
16.307512 5051.000000 
16.333761 5130.000000 
16.360010 5047.000000 
16.386259 5105.000000 
16.412509 5252.000000 
16.438758 5079.000000 
16.465007 5081.000000 
16.491256 5128.000000 
16.517505 5049.000000 
16.543754 5088.000000 
16.570003 5143.000000 
16.596252 5140.000000 
16.622501 5168.000000 
16.648750 5059.000000 
16.675000 5037.000000 
16.701249 5068.000000 
16.727498 5076.000000 
16.753747 5027.000000 
16.779996 5167.000000 
16.806245 5064.000000 
16.832494 4954.000000 
16.858743 5058.000000 
16.884992 5213.000000 
16.911241 5080.000000 
16.937490 5139.000000 
16.963740 4939.000000 
16.989989 5113.000000 
17.016238 4912.000000 
17.042487 5066.000000 
17.068736 5165.000000 
17.094985 4988.000000 
17.121234 5219.000000 
17.147483 4989.000000 
17.173732 5276.000000 
17.199981 5036.000000 
17.226230 5225.000000 
17.252480 5094.000000 
17.278729 5325.000000 
17.304978 5178.000000 
17.331227 5217.000000 
17.357476 4974.000000 
17.383725 5106.000000 
17.409974 5153.000000 
17.436223 5071.000000 
17.462472 5140.000000 
17.488721 5196.000000 
17.514970 5059.000000 
17.541220 5083.000000 
17.567469 5097.000000 
17.593718 5162.000000 
17.619967 5194.000000 
17.646216 5123.000000 
17.672465 5116.000000 
17.698714 5208.000000 
17.724963 5124.000000 
17.751212 5115.000000 
17.777461 5300.000000 
17.803710 5181.000000 
17.829960 5113.000000 
17.856209 5179.000000 
17.882458 5195.000000 
17.908707 5044.000000 
17.934956 5037.000000 
17.961205 5111.000000 
17.987454 5055.000000 
18.013703 5190.000000 
18.039952 5163.000000 
18.066201 5263.000000 
18.092450 5224.000000 
18.118700 5077.000000 
18.144949 5172.000000 
18.171198 5213.000000 
18.197447 5275.000000 
18.223696 5091.000000 
18.249945 5274.000000 
18.276194 5150.000000 
18.302443 5228.000000 
18.328692 5369.000000 
18.354941 5290.000000 
18.381190 5509.000000 
18.407440 5714.000000 
18.433689 5806.000000 
18.459938 5718.000000 
18.486187 5411.000000 
18.512436 5440.000000 
18.538685 5090.000000 
18.564934 5229.000000 
18.591183 5190.000000 
18.617432 5178.000000 
18.643681 5111.000000 
18.669930 5173.000000 
18.696180 5294.000000 
18.722429 5167.000000 
18.748678 4969.000000 
18.774927 5088.000000 
18.801176 5173.000000 
18.827425 5079.000000 
18.853674 5131.000000 
18.879923 5057.000000 
18.906172 4988.000000 
18.932421 5053.000000 
18.958670 5100.000000 
18.984920 4937.000000 
19.011169 5134.000000 
19.037418 4996.000000 
19.063667 5106.000000 
19.089916 5048.000000 
19.116165 5111.000000 
19.142414 5235.000000 
19.168663 5200.000000 
19.194912 5039.000000 
19.221161 5169.000000 
19.247410 5034.000000 
19.273660 5080.000000 
19.299909 5099.000000 
19.326158 5204.000000 
19.352407 5143.000000 
19.378656 5049.000000 
19.404905 4953.000000 
19.431154 5097.000000 
19.457403 5108.000000 
19.483652 4929.000000 
19.509901 5140.000000 
19.536150 5138.000000 
19.562400 5084.000000 
19.588649 5022.000000 
19.614898 5077.000000 
19.641147 5076.000000 
19.667396 4948.000000 
19.693645 5160.000000 
19.719894 5001.000000 
19.746143 5077.000000 
19.772392 4950.000000 
19.798641 5058.000000 
19.824890 5069.000000 
19.851140 5082.000000 
19.877389 4967.000000 
19.903638 5024.000000 
19.929887 5114.000000 
19.956136 5153.000000 
19.982385 5030.000000 
20.008634 5019.000000 
20.034883 5150.000000 
20.061132 5006.000000 
20.087381 5024.000000 
20.113630 5062.000000 
20.139880 5019.000000 
20.166129 5131.000000 
20.192378 5059.000000 
20.218627 5096.000000 
20.244876 4988.000000 
20.271125 5110.000000 
20.297374 5134.000000 
20.323623 5119.000000 
20.349872 5013.000000 
20.376121 4981.000000 
20.402370 5140.000000 
20.428620 4989.000000 
20.454869 5164.000000 
20.481118 5067.000000 
20.507367 5057.000000 
20.533616 4888.000000 
20.559865 5127.000000 
20.586114 5114.000000 
20.612363 5059.000000 
20.638612 5046.000000 
20.664861 4984.000000 
20.691110 5207.000000 
20.717360 5115.000000 
20.743609 4978.000000 
20.769858 5093.000000 
20.796107 5099.000000 
20.822356 5146.000000 
20.848605 5104.000000 
20.874854 5208.000000 
20.901103 5175.000000 
20.927352 4897.000000 
20.953601 5032.000000 
20.979850 5299.000000 
21.006100 5144.000000 
21.032349 5119.000000 
21.058598 5131.000000 
21.084847 5106.000000 
21.111096 5146.000000 
21.137345 5015.000000 
21.163594 5084.000000 
21.189843 5286.000000 
21.216092 5143.000000 
21.242341 5188.000000 
21.268590 5037.000000 
21.294840 5063.000000 
21.321089 5053.000000 
21.347338 5014.000000 
21.373587 5087.000000 
21.399836 4996.000000 
21.426085 5076.000000 
21.452334 5171.000000 
21.478583 5178.000000 
21.504832 4992.000000 
21.531081 5044.000000 
21.557331 5070.000000 
21.583580 4986.000000 
21.609829 5025.000000 
21.636078 5210.000000 
21.662327 4952.000000 
21.688576 4961.000000 
21.714825 4945.000000 
21.741074 5154.000000 
21.767323 4987.000000 
21.793572 5110.000000 
21.819821 5186.000000 
21.846071 5204.000000 
21.872320 5087.000000 
21.898569 5089.000000 
21.924818 4955.000000 
21.951067 5047.000000 
21.977316 4948.000000 
22.003565 4989.000000 
22.029814 4950.000000 
22.056063 5154.000000 
22.082312 5179.000000 
22.108561 5108.000000 
22.134811 4993.000000 
22.161060 5099.000000 
22.187309 5087.000000 
22.213558 5055.000000 
22.239807 5146.000000 
22.266056 4953.000000 
22.292305 5067.000000 
22.318554 5022.000000 
22.344803 5107.000000 
22.371052 4995.000000 
22.397301 5025.000000 
22.423551 4973.000000 
22.449800 5090.000000 
22.476049 4925.000000 
22.502298 5152.000000 
22.528547 4930.000000 
22.554796 5034.000000 
22.581045 5090.000000 
22.607294 5117.000000 
22.633543 4928.000000 
22.659792 5173.000000 
22.686041 5026.000000 
22.712291 4982.000000 
22.738540 4953.000000 
22.764789 5031.000000 
22.791038 5100.000000 
22.817287 5049.000000 
22.843536 5077.000000 
22.869785 5097.000000 
22.896034 4939.000000 
22.922283 5016.000000 
22.948532 4932.000000 
22.974781 4999.000000 
23.001031 4970.000000 
23.027280 4958.000000 
23.053529 5015.000000 
23.079778 5108.000000 
23.106027 5123.000000 
23.132276 4946.000000 
23.158525 5079.000000 
23.184774 5091.000000 
23.211023 5067.000000 
23.237272 4964.000000 
23.263521 4969.000000 
23.289771 5136.000000 
23.316020 5042.000000 
23.342269 4883.000000 
23.368518 4919.000000 
23.394767 5086.000000 
23.421016 4899.000000 
23.447265 5057.000000 
23.473514 5120.000000 
23.499763 4936.000000 
23.526012 5069.000000 
23.552261 5084.000000 
23.578511 5093.000000 
23.604760 4935.000000 
23.631009 5116.000000 
23.657258 5019.000000 
23.683507 5031.000000 
23.709756 5175.000000 
23.736005 4937.000000 
23.762254 4990.000000 
23.788503 5040.000000 
23.814752 5069.000000 
23.841001 4980.000000 
23.867251 5020.000000 
23.893500 5018.000000 
23.919749 4955.000000 
23.945998 5000.000000 
23.972247 4951.000000 
23.998496 4994.000000 
24.024745 5013.000000 
24.050994 4967.000000 
24.077243 4907.000000 
24.103492 4941.000000 
24.129741 4940.000000 
24.155991 4907.000000 
24.182240 4975.000000 
24.208489 5036.000000 
24.234738 5078.000000 
24.260987 5063.000000 
24.287236 5083.000000 
24.313485 5132.000000 
24.339734 5156.000000 
24.365983 5050.000000 
24.392232 5065.000000 
24.418481 4922.000000 
24.444731 5013.000000 
24.470980 4868.000000 
24.497229 4954.000000 
24.523478 4974.000000 
24.549727 5024.000000 
24.575976 5003.000000 
24.602225 5020.000000 
24.628474 5003.000000 
24.654723 4982.000000 
24.680972 5004.000000 
24.707221 4943.000000 
24.733471 4966.000000 
24.759720 5039.000000 
24.785969 4879.000000 
24.812218 4866.000000 
24.838467 4938.000000 
24.864716 4892.000000 
24.890965 4928.000000 
24.917214 4986.000000 
24.943463 4961.000000 
24.969712 4930.000000 
24.995961 5119.000000 
25.022211 5074.000000 
25.048460 4927.000000 
25.074709 4971.000000 
25.100958 5041.000000 
25.127207 4901.000000 
25.153456 5045.000000 
25.179705 5118.000000 
25.205954 4954.000000 
25.232203 4942.000000 
25.258452 4908.000000 
25.284701 4955.000000 
25.310951 4798.000000 
25.337200 4937.000000 
25.363449 4911.000000 
25.389698 4831.000000 
25.415947 4838.000000 
25.442196 5016.000000 
25.468445 4994.000000 
25.494694 5036.000000 
25.520943 4935.000000 
25.547192 4921.000000 
25.573441 5042.000000 
25.599691 4903.000000 
25.625940 4954.000000 
25.652189 4926.000000 
25.678438 4959.000000 
25.704687 4910.000000 
25.730936 5009.000000 
25.757185 4916.000000 
25.783434 4903.000000 
25.809683 4900.000000 
25.835932 4789.000000 
25.862181 4897.000000 
25.888431 4938.000000 
25.914680 4947.000000 
25.940929 4813.000000 
25.967178 5040.000000 
25.993427 4849.000000 
26.019676 4951.000000 
26.045925 4931.000000 
26.072174 5000.000000 
26.098423 4748.000000 
26.124672 4991.000000 
26.150922 5013.000000 
26.177171 4966.000000 
26.203420 5005.000000 
26.229669 4878.000000 
26.255918 5012.000000 
26.282167 4957.000000 
26.308416 5020.000000 
26.334665 4912.000000 
26.360914 4912.000000 
26.387163 4942.000000 
26.413412 4922.000000 
26.439662 4936.000000 
26.465911 4930.000000 
26.492160 4919.000000 
26.518409 5028.000000 
26.544658 5020.000000 
26.570907 4840.000000 
26.597156 5028.000000 
26.623405 5223.000000 
26.649654 5053.000000 
26.675903 5157.000000 
26.702152 5125.000000 
26.728402 5296.000000 
26.754651 5454.000000 
26.780900 5463.000000 
26.807149 5357.000000 
26.833398 5232.000000 
26.859647 5039.000000 
26.885896 4907.000000 
26.912145 4997.000000 
26.938394 4961.000000 
26.964643 4773.000000 
26.990892 4998.000000 
27.017142 4888.000000 
27.043391 4890.000000 
27.069640 4922.000000 
27.095889 5069.000000 
27.122138 5077.000000 
27.148387 5049.000000 
27.174636 4948.000000 
27.200885 4865.000000 
27.227134 4986.000000 
27.253383 5027.000000 
27.279632 4973.000000 
27.305882 4928.000000 
27.332131 4864.000000 
27.358380 4934.000000 
27.384629 4985.000000 
27.410878 4970.000000 
27.437127 4951.000000 
27.463376 4938.000000 
27.489625 4835.000000 
27.515874 5016.000000 
27.542123 4809.000000 
27.568372 4955.000000 
27.594622 4857.000000 
27.620871 4946.000000 
27.647120 5032.000000 
27.673369 5005.000000 
27.699618 4876.000000 
27.725867 4901.000000 
27.752116 5035.000000 
27.778365 4913.000000 
27.804614 4873.000000 
27.830863 4954.000000 
27.857112 4857.000000 
27.883362 5026.000000 
27.909611 4943.000000 
27.935860 4944.000000 
27.962109 4908.000000 
27.988358 4836.000000 
28.014607 5001.000000 
28.040856 4883.000000 
28.067105 4907.000000 
28.093354 5057.000000 
28.119603 4965.000000 
28.145852 5017.000000 
28.172102 4947.000000 
28.198351 4922.000000 
28.224600 4873.000000 
28.250849 4880.000000 
28.277098 4876.000000 
28.303347 4818.000000 
28.329596 4842.000000 
28.355845 4925.000000 
28.382094 4937.000000 
28.408343 4885.000000 
28.434592 4953.000000 
28.460842 4870.000000 
28.487091 4894.000000 
28.513340 4909.000000 
28.539589 4870.000000 
28.565838 4926.000000 
28.592087 4868.000000 
28.618336 4902.000000 
28.644585 4943.000000 
28.670834 5001.000000 
28.697083 4921.000000 
28.723332 4921.000000 
28.749582 4963.000000 
28.775831 4849.000000 
28.802080 4966.000000 
28.828329 4910.000000 
28.854578 4865.000000 
28.880827 4853.000000 
28.907076 4824.000000 
28.933325 4861.000000 
28.959574 5051.000000 
28.985823 4959.000000 
29.012072 4942.000000 
29.038322 4916.000000 
29.064571 5052.000000 
29.090820 4964.000000 
29.117069 4938.000000 
29.143318 4953.000000 
29.169567 4998.000000 
29.195816 5044.000000 
29.222065 5001.000000 
29.248314 5215.000000 
29.274563 5092.000000 
29.300812 5160.000000 
29.327062 5100.000000 
29.353311 5043.000000 
29.379560 5174.000000 
29.405809 5176.000000 
29.432058 5132.000000 
29.458307 5063.000000 
29.484556 5109.000000 
29.510805 5129.000000 
29.537054 4985.000000 
29.563303 4990.000000 
29.589552 5131.000000 
29.615802 5017.000000 
29.642051 5082.000000 
29.668300 5029.000000 
29.694549 5087.000000 
29.720798 5086.000000 
29.747047 4925.000000 
29.773296 4939.000000 
29.799545 5054.000000 
29.825794 4948.000000 
29.852043 4934.000000 
29.878292 4891.000000 
29.904542 5034.000000 
29.930791 5081.000000 
29.957040 4994.000000 
29.983289 4973.000000 
30.009538 5090.000000 
30.035787 5123.000000 
30.062036 5041.000000 
30.088285 5362.000000 
30.114534 5468.000000 
30.140783 5844.000000 
30.167032 6263.000000 
30.193282 7067.000000 
30.219531 7650.000000 
30.245780 7339.000000 
30.272029 6832.000000 
30.298278 6577.000000 
30.324527 6162.000000 
30.350776 5710.000000 
30.377025 5323.000000 
30.403274 5239.000000 
30.429523 5267.000000 
30.455772 5151.000000 
30.482022 5242.000000 
30.508271 5094.000000 
30.534520 5043.000000 
30.560769 5058.000000 
30.587018 5002.000000 
30.613267 5022.000000 
30.639516 4836.000000 
30.665765 4888.000000 
30.692014 4944.000000 
30.718263 4946.000000 
30.744513 4870.000000 
30.770762 4886.000000 
30.797011 4989.000000 
30.823260 4849.000000 
30.849509 4944.000000 
30.875758 4973.000000 
30.902007 4885.000000 
30.928256 4873.000000 
30.954505 4850.000000 
30.980754 4815.000000 
31.007003 4862.000000 
31.033253 4939.000000 
31.059502 4844.000000 
31.085751 4920.000000 
31.112000 4913.000000 
31.138249 4756.000000 
31.164498 4948.000000 
31.190747 4846.000000 
31.216996 4879.000000 
31.243245 4858.000000 
31.269494 4930.000000 
31.295743 4879.000000 
31.321993 4875.000000 
31.348242 4874.000000 
31.374491 4929.000000 
31.400740 4916.000000 
31.426989 4967.000000 
31.453238 4864.000000 
31.479487 4793.000000 
31.505736 4911.000000 
31.531985 4880.000000 
31.558234 4938.000000 
31.584483 4931.000000 
31.610733 5051.000000 
31.636982 4997.000000 
31.663231 5008.000000 
31.689480 4922.000000 
31.715729 4798.000000 
31.741978 5013.000000 
31.768227 4873.000000 
31.794476 4960.000000 
31.820725 4968.000000 
31.846974 5055.000000 
31.873223 4803.000000 
31.899473 4823.000000 
31.925722 4814.000000 
31.951971 4884.000000 
31.978220 4888.000000 
32.004469 4974.000000 
32.030718 4962.000000 
32.056967 4831.000000 
32.083216 4937.000000 
32.109465 4836.000000 
32.135714 4987.000000 
32.161963 5028.000000 
32.188213 5031.000000 
32.214462 4965.000000 
32.240711 4943.000000 
32.266960 4993.000000 
32.293209 4845.000000 
32.319458 5053.000000 
32.345707 4942.000000 
32.371956 4951.000000 
32.398205 4873.000000 
32.424454 4892.000000 
32.450703 5021.000000 
32.476953 4927.000000 
32.503202 4971.000000 
32.529451 4948.000000 
32.555700 4914.000000 
32.581949 4813.000000 
32.608198 4808.000000 
32.634447 5077.000000 
32.660696 4960.000000 
32.686945 4952.000000 
32.713194 4896.000000 
32.739443 4968.000000 
32.765693 4859.000000 
32.791942 4998.000000 
32.818191 4958.000000 
32.844440 4987.000000 
32.870689 5006.000000 
32.896938 4812.000000 
32.923187 4842.000000 
32.949436 4960.000000 
32.975685 4851.000000 
33.001934 4962.000000 
33.028183 4927.000000 
33.054433 4870.000000 
33.080682 4934.000000 
33.106931 5012.000000 
33.133180 4926.000000 
33.159429 4869.000000 
33.185678 5063.000000 
33.211927 5057.000000 
33.238176 5183.000000 
33.264425 5246.000000 
33.290674 5279.000000 
33.316923 5237.000000 
33.343173 5134.000000 
33.369422 5001.000000 
33.395671 5038.000000 
33.421920 5035.000000 
33.448169 5102.000000 
33.474418 5028.000000 
33.500667 5022.000000 
33.526916 4998.000000 
33.553165 4948.000000 
33.579414 5092.000000 
33.605663 5023.000000 
33.631913 4990.000000 
33.658162 5028.000000 
33.684411 4947.000000 
33.710660 4869.000000 
33.736909 5065.000000 
33.763158 4884.000000 
33.789407 4891.000000 
33.815656 4788.000000 
33.841905 4990.000000 
33.868154 4892.000000 
33.894403 4943.000000 
33.920653 4921.000000 
33.946902 4936.000000 
33.973151 4895.000000 
33.999400 4947.000000 
34.025649 4881.000000 
34.051898 4861.000000 
34.078147 4914.000000 
34.104396 4993.000000 
34.130645 5029.000000 
34.156894 4931.000000 
34.183143 4949.000000 
34.209393 4923.000000 
34.235642 4951.000000 
34.261891 4949.000000 
34.288140 5030.000000 
34.314389 5043.000000 
34.340638 4998.000000 
34.366887 5023.000000 
34.393136 5009.000000 
34.419385 4959.000000 
34.445634 4919.000000 
34.471883 4990.000000 
34.498133 5042.000000 
34.524382 4905.000000 
34.550631 5035.000000 
34.576880 5020.000000 
34.603129 4944.000000 
34.629378 4966.000000 
34.655627 5056.000000 
34.681876 4903.000000 
34.708125 5191.000000 
34.734374 4974.000000 
34.760623 5053.000000 
34.786873 4969.000000 
34.813122 4943.000000 
34.839371 4911.000000 
34.865620 4985.000000 
34.891869 4996.000000 
34.918118 4911.000000 
34.944367 4934.000000 
34.970616 4981.000000 
34.996865 4965.000000 
35.023114 5110.000000 
35.049363 5034.000000 
35.075613 5015.000000 
35.101862 5072.000000 
35.128111 5132.000000 
35.154360 5006.000000 
35.180609 5098.000000 
35.206858 5002.000000 
35.233107 5126.000000 
35.259356 5279.000000 
35.285605 5244.000000 
35.311854 5402.000000 
35.338103 5312.000000 
35.364353 5552.000000 
35.390602 5804.000000 
35.416851 6015.000000 
35.443100 6529.000000 
35.469349 7498.000000 
35.495598 8839.000000 
35.521847 10549.000000 
35.548096 12472.000000 
35.574345 13707.000000 
35.600594 12035.000000 
35.626844 11031.000000 
35.653093 10571.000000 
35.679342 9213.000000 
35.705591 7828.000000 
35.731840 7000.000000 
35.758089 6439.000000 
35.784338 6063.000000 
35.810587 5765.000000 
35.836836 5399.000000 
35.863085 5436.000000 
35.889334 5239.000000 
35.915584 5135.000000 
35.941833 5248.000000 
35.968082 5086.000000 
35.994331 5044.000000 
36.020580 5107.000000 
36.046829 4999.000000 
36.073078 5069.000000 
36.099327 5040.000000 
36.125576 4920.000000 
36.151825 4994.000000 
36.178074 5013.000000 
36.204324 4963.000000 
36.230573 4915.000000 
36.256822 4941.000000 
36.283071 4917.000000 
36.309320 4878.000000 
36.335569 4981.000000 
36.361818 4972.000000 
36.388067 4831.000000 
36.414316 4992.000000 
36.440565 4830.000000 
36.466814 4924.000000 
36.493064 5076.000000 
36.519313 4978.000000 
36.545562 5030.000000 
36.571811 4975.000000 
36.598060 4946.000000 
36.624309 5003.000000 
36.650558 4950.000000 
36.676807 4848.000000 
36.703056 4919.000000 
36.729305 5003.000000 
36.755554 4785.000000 
36.781804 4866.000000 
36.808053 5056.000000 
36.834302 4985.000000 
36.860551 5010.000000 
36.886800 4929.000000 
36.913049 4836.000000 
36.939298 4974.000000 
36.965547 4980.000000 
36.991796 4909.000000 
37.018045 4969.000000 
37.044294 4856.000000 
37.070544 5042.000000 
37.096793 5075.000000 
37.123042 5143.000000 
37.149291 5252.000000 
37.175540 5463.000000 
37.201789 5550.000000 
37.228038 5196.000000 
37.254287 5271.000000 
37.280536 5278.000000 
37.306785 5298.000000 
37.333034 5199.000000 
37.359284 5097.000000 
37.385533 4944.000000 
37.411782 4844.000000 
37.438031 4973.000000 
37.464280 5033.000000 
37.490529 4840.000000 
37.516778 4894.000000 
37.543027 4952.000000 
37.569276 4965.000000 
37.595525 4922.000000 
37.621774 4937.000000 
37.648024 4910.000000 
37.674273 4921.000000 
37.700522 4892.000000 
37.726771 4977.000000 
37.753020 4876.000000 
37.779269 4841.000000 
37.805518 4891.000000 
37.831767 4846.000000 
37.858016 5017.000000 
37.884265 4912.000000 
37.910514 4847.000000 
37.936764 4855.000000 
37.963013 4843.000000 
37.989262 4789.000000 
38.015511 4789.000000 
38.041760 4814.000000 
38.068009 4887.000000 
38.094258 4861.000000 
38.120507 4964.000000 
38.146756 4754.000000 
38.173005 4974.000000 
38.199254 4870.000000 
38.225504 4823.000000 
38.251753 4951.000000 
38.278002 4928.000000 
38.304251 4917.000000 
38.330500 4902.000000 
38.356749 4955.000000 
38.382998 4796.000000 
38.409247 4874.000000 
38.435496 4870.000000 
38.461745 5024.000000 
38.487994 4875.000000 
38.514244 4964.000000 
38.540493 4871.000000 
38.566742 4789.000000 
38.592991 4904.000000 
38.619240 4999.000000 
38.645489 4800.000000 
38.671738 4922.000000 
38.697987 4865.000000 
38.724236 5049.000000 
38.750485 4938.000000 
38.776734 5020.000000 
38.802984 5039.000000 
38.829233 5175.000000 
38.855482 5074.000000 
38.881731 4985.000000 
38.907980 5067.000000 
38.934229 4925.000000 
38.960478 4972.000000 
38.986727 4991.000000 
39.012976 4950.000000 
39.039225 4871.000000 
39.065474 5035.000000 
39.091724 4901.000000 
39.117973 4945.000000 
39.144222 4915.000000 
39.170471 4942.000000 
39.196720 4842.000000 
39.222969 5040.000000 
39.249218 4900.000000 
39.275467 4841.000000 
39.301716 4918.000000 
39.327965 4897.000000 
39.354214 4997.000000 
39.380464 4818.000000 
39.406713 4911.000000 
39.432962 4906.000000 
39.459211 4985.000000 
39.485460 4839.000000 
39.511709 4968.000000 
39.537958 4846.000000 
39.564207 4884.000000 
39.590456 4902.000000 
39.616705 4983.000000 
39.642954 4911.000000 
39.669204 4971.000000 
39.695453 4881.000000 
39.721702 4924.000000 
39.747951 4718.000000 
39.774200 4909.000000 
39.800449 4917.000000 
39.826698 4874.000000 
39.852947 4930.000000 
39.879196 4741.000000 
39.905445 4894.000000 
39.931694 4948.000000 
39.957944 4856.000000 
39.984193 4828.000000 
40.010442 4856.000000 
40.036691 4854.000000 
40.062940 4970.000000 
40.089189 4851.000000 
40.115438 4775.000000 
40.141687 4957.000000 
40.167936 4960.000000 
40.194185 4833.000000 
40.220435 4922.000000 
40.246684 4988.000000 
40.272933 4970.000000 
40.299182 4926.000000 
40.325431 4860.000000 
40.351680 4922.000000 
40.377929 4870.000000 
40.404178 4988.000000 
40.430427 5097.000000 
40.456676 4999.000000 
40.482925 4926.000000 
40.509175 4910.000000 
40.535424 4929.000000 
40.561673 4919.000000 
40.587922 4895.000000 
40.614171 4954.000000 
40.640420 4802.000000 
40.666669 4922.000000 
40.692918 4897.000000 
40.719167 4985.000000 
40.745416 4946.000000 
40.771665 4990.000000 
40.797915 4981.000000 
40.824164 4821.000000 
40.850413 4927.000000 
40.876662 4989.000000 
40.902911 4968.000000 
40.929160 5016.000000 
40.955409 5076.000000 
40.981658 4928.000000 
41.007907 5069.000000 
41.034156 4998.000000 
41.060405 5036.000000 
41.086655 4931.000000 
41.112904 4851.000000 
41.139153 4872.000000 
41.165402 4896.000000 
41.191651 4985.000000 
41.217900 4903.000000 
41.244149 5090.000000 
41.270398 4900.000000 
41.296647 4880.000000 
41.322896 5169.000000 
41.349145 4935.000000 
41.375395 4981.000000 
41.401644 4889.000000 
41.427893 5010.000000 
41.454142 4892.000000 
41.480391 4868.000000 
41.506640 4924.000000 
41.532889 4992.000000 
41.559138 4883.000000 
41.585387 5024.000000 
41.611636 4925.000000 
41.637885 4840.000000 
41.664135 4948.000000 
41.690384 4952.000000 
41.716633 4912.000000 
41.742882 4960.000000 
41.769131 4982.000000 
41.795380 4835.000000 
41.821629 4969.000000 
41.847878 4841.000000 
41.874127 4808.000000 
41.900376 4944.000000 
41.926625 5034.000000 
41.952875 4853.000000 
41.979124 4856.000000 
42.005373 4886.000000 
42.031622 4883.000000 
42.057871 4853.000000 
42.084120 5134.000000 
42.110369 5002.000000 
42.136618 4875.000000 
42.162867 4917.000000 
42.189116 4859.000000 
42.215365 4967.000000 
42.241615 4929.000000 
42.267864 4814.000000 
42.294113 4895.000000 
42.320362 4962.000000 
42.346611 5069.000000 
42.372860 4993.000000 
42.399109 4933.000000 
42.425358 4881.000000 
42.451607 4903.000000 
42.477856 4984.000000 
42.504105 4902.000000 
42.530355 4936.000000 
42.556604 5022.000000 
42.582853 4964.000000 
42.609102 4992.000000 
42.635351 4954.000000 
42.661600 4987.000000 
42.687849 5030.000000 
42.714098 4897.000000 
42.740347 4866.000000 
42.766596 4859.000000 
42.792845 4927.000000 
42.819095 4888.000000 
42.845344 4968.000000 
42.871593 5019.000000 
42.897842 4988.000000 
42.924091 5007.000000 
42.950340 4925.000000 
42.976589 5019.000000 
43.002838 4993.000000 
43.029087 5099.000000 
43.055336 5235.000000 
43.081585 5357.000000 
43.107835 5513.000000 
43.134084 5962.000000 
43.160333 6274.000000 
43.186582 6844.000000 
43.212831 6630.000000 
43.239080 6441.000000 
43.265329 6105.000000 
43.291578 6043.000000 
43.317827 6012.000000 
43.344076 5719.000000 
43.370325 5378.000000 
43.396575 5222.000000 
43.422824 5107.000000 
43.449073 5081.000000 
43.475322 5066.000000 
43.501571 4977.000000 
43.527820 5137.000000 
43.554069 4830.000000 
43.580318 4969.000000 
43.606567 4892.000000 
43.632816 4769.000000 
43.659065 4877.000000 
43.685315 4997.000000 
43.711564 4916.000000 
43.737813 4863.000000 
43.764062 5015.000000 
43.790311 5045.000000 
43.816560 5005.000000 
43.842809 4829.000000 
43.869058 4964.000000 
43.895307 4788.000000 
43.921556 4923.000000 
43.947805 4955.000000 
43.974055 4906.000000 
44.000304 4889.000000 
44.026553 4889.000000 
44.052802 4925.000000 
44.079051 4832.000000 
44.105300 4896.000000 
44.131549 4931.000000 
44.157798 4903.000000 
44.184047 4790.000000 
44.210296 4773.000000 
44.236545 4874.000000 
44.262795 4865.000000 
44.289044 4884.000000 
44.315293 4833.000000 
44.341542 4853.000000 
44.367791 4912.000000 
44.394040 4899.000000 
44.420289 4801.000000 
44.446538 4874.000000 
44.472787 4822.000000 
44.499036 4948.000000 
44.525285 4955.000000 
44.551535 4950.000000 
44.577784 5042.000000 
44.604033 4941.000000 
44.630282 4884.000000 
44.656531 4820.000000 
44.682780 4787.000000 
44.709029 4913.000000 
44.735278 4883.000000 
44.761527 5037.000000 
44.787776 4827.000000 
44.814026 4876.000000 
44.840275 4999.000000 
44.866524 4816.000000 
44.892773 4814.000000 
44.919022 4938.000000 
44.945271 4858.000000 
44.971520 4861.000000 
44.997769 4951.000000 
45.024018 4874.000000 
45.050267 4832.000000 
45.076516 4828.000000 
45.102766 4865.000000 
45.129015 4843.000000 
45.155264 4790.000000 
45.181513 4901.000000 
45.207762 4920.000000 
45.234011 4868.000000 
45.260260 4941.000000 
45.286509 4775.000000 
45.312758 4860.000000 
45.339007 4858.000000 
45.365256 4943.000000 
45.391506 4890.000000 
45.417755 4996.000000 
45.444004 4735.000000 
45.470253 4919.000000 
45.496502 4695.000000 
45.522751 4873.000000 
45.549000 4806.000000 
45.575249 4835.000000 
45.601498 4875.000000 
45.627747 4750.000000 
45.653996 4950.000000 
45.680246 4902.000000 
45.706495 4941.000000 
45.732744 4937.000000 
45.758993 4699.000000 
45.785242 4857.000000 
45.811491 4927.000000 
45.837740 4809.000000 
45.863989 4853.000000 
45.890238 4894.000000 
45.916487 4887.000000 
45.942736 4874.000000 
45.968986 4978.000000 
45.995235 4859.000000 
46.021484 4950.000000 
46.047733 4804.000000 
46.073982 4864.000000 
46.100231 4913.000000 
46.126480 4895.000000 
46.152729 4731.000000 
46.178978 4842.000000 
46.205227 4969.000000 
46.231476 4818.000000 
46.257726 4794.000000 
46.283975 4953.000000 
46.310224 4809.000000 
46.336473 4797.000000 
46.362722 4921.000000 
46.388971 4921.000000 
46.415220 4797.000000 
46.441469 4883.000000 
46.467718 4930.000000 
46.493967 4833.000000 
46.520216 4909.000000 
46.546466 4857.000000 
46.572715 4839.000000 
46.598964 4980.000000 
46.625213 4854.000000 
46.651462 4863.000000 
46.677711 4828.000000 
46.703960 4945.000000 
46.730209 4944.000000 
46.756458 4879.000000 
46.782707 4866.000000 
46.808956 4963.000000 
46.835206 4887.000000 
46.861455 5020.000000 
46.887704 4912.000000 
46.913953 4768.000000 
46.940202 4955.000000 
46.966451 4749.000000 
46.992700 4933.000000 
47.018949 4777.000000 
47.045198 4739.000000 
47.071447 4857.000000 
47.097696 4921.000000 
47.123946 4925.000000 
47.150195 4819.000000 
47.176444 5005.000000 
47.202693 5035.000000 
47.228942 4810.000000 
47.255191 4945.000000 
47.281440 4959.000000 
47.307689 5022.000000 
47.333938 4929.000000 
47.360187 4900.000000 
47.386436 4882.000000 
47.412686 4843.000000 
47.438935 5012.000000 
47.465184 4744.000000 
47.491433 4880.000000 
47.517682 4767.000000 
47.543931 4839.000000 
47.570180 4922.000000 
47.596429 4887.000000 
47.622678 4908.000000 
47.648927 5080.000000 
47.675176 4957.000000 
47.701426 4876.000000 
47.727675 4913.000000 
47.753924 4825.000000 
47.780173 4773.000000 
47.806422 4957.000000 
47.832671 4767.000000 
47.858920 4991.000000 
47.885169 4803.000000 
47.911418 4846.000000 
47.937667 4921.000000 
47.963916 4851.000000 
47.990166 4920.000000 
48.016415 4808.000000 
48.042664 4787.000000 
48.068913 5003.000000 
48.095162 4950.000000 
48.121411 4741.000000 
48.147660 4788.000000 
48.173909 4832.000000 
48.200158 4786.000000 
48.226407 4893.000000 
48.252656 4849.000000 
48.278906 4855.000000 
48.305155 4982.000000 
48.331404 4933.000000 
48.357653 4836.000000 
48.383902 4888.000000 
48.410151 4861.000000 
48.436400 4963.000000 
48.462649 4771.000000 
48.488898 4934.000000 
48.515147 4997.000000 
48.541396 4983.000000 
48.567646 4923.000000 
48.593895 4986.000000 
48.620144 4899.000000 
48.646393 4875.000000 
48.672642 4933.000000 
48.698891 5061.000000 
48.725140 4920.000000 
48.751389 4883.000000 
48.777638 4819.000000 
48.803887 4935.000000 
48.830136 5008.000000 
48.856386 4881.000000 
48.882635 4828.000000 
48.908884 4901.000000 
48.935133 4911.000000 
48.961382 4927.000000 
48.987631 4880.000000 
49.013880 5039.000000 
49.040129 4864.000000 
49.066378 4858.000000 
49.092627 5075.000000 
49.118876 4896.000000 
49.145126 5002.000000 
49.171375 4936.000000 
49.197624 4997.000000 
49.223873 4908.000000 
49.250122 4825.000000 
49.276371 4965.000000 
49.302620 5017.000000 
49.328869 4938.000000 
49.355118 4955.000000 
49.381367 4908.000000 
49.407616 4962.000000 
49.433866 4898.000000 
49.460115 4966.000000 
49.486364 4905.000000 
49.512613 4891.000000 
49.538862 5047.000000 
49.565111 4980.000000 
49.591360 5067.000000 
49.617609 5012.000000 
49.643858 4910.000000 
49.670107 4975.000000 
49.696357 4856.000000 
49.722606 4982.000000 
49.748855 4979.000000 
49.775104 4957.000000 
49.801353 4978.000000 
49.827602 4773.000000 
49.853851 4777.000000 
49.880100 4930.000000 
49.906349 4761.000000 
49.932598 4947.000000 
49.958847 4941.000000 
49.985097 4912.000000 
50.011346 5000.000000 
50.037595 4852.000000 
50.063844 4996.000000 
50.090093 4920.000000 
50.116342 4831.000000 
50.142591 4967.000000 
50.168840 4942.000000 
50.195089 5004.000000 
50.221338 4910.000000 
50.247587 5123.000000 
50.273837 5013.000000 
50.300086 4897.000000 
50.326335 4998.000000 
50.352584 4818.000000 
50.378833 4956.000000 
50.405082 5039.000000 
50.431331 4952.000000 
50.457580 4853.000000 
50.483829 4814.000000 
50.510078 4881.000000 
50.536327 4858.000000 
50.562577 4880.000000 
50.588826 4941.000000 
50.615075 4920.000000 
50.641324 4903.000000 
50.667573 4832.000000 
50.693822 4824.000000 
50.720071 4890.000000 
50.746320 4958.000000 
50.772569 4774.000000 
50.798818 4765.000000 
50.825067 4915.000000 
50.851317 4946.000000 
50.877566 4857.000000 
50.903815 4947.000000 
50.930064 4870.000000 
50.956313 4973.000000 
50.982562 4876.000000 
51.008811 4770.000000 
51.035060 4854.000000 
51.061309 4781.000000 
51.087558 4786.000000 
51.113807 4855.000000 
51.140057 4794.000000 
51.166306 4991.000000 
51.192555 4888.000000 
51.218804 4896.000000 
51.245053 4913.000000 
51.271302 4783.000000 
51.297551 4856.000000 
51.323800 4796.000000 
51.350049 4978.000000 
51.376298 4825.000000 
51.402547 4796.000000 
51.428797 4778.000000 
51.455046 4955.000000 
51.481295 4933.000000 
51.507544 4751.000000 
51.533793 4850.000000 
51.560042 4902.000000 
51.586291 4922.000000 
51.612540 5012.000000 
51.638789 4890.000000 
51.665038 5016.000000 
51.691287 4892.000000 
51.717537 5066.000000 
51.743786 4846.000000 
51.770035 4914.000000 
51.796284 4931.000000 
51.822533 4909.000000 
51.848782 4877.000000 
51.875031 4827.000000 
51.901280 4837.000000 
51.927529 4769.000000 
51.953778 4750.000000 
51.980027 4958.000000 
52.006277 4996.000000 
52.032526 4922.000000 
52.058775 4996.000000 
52.085024 5014.000000 
52.111273 4971.000000 
52.137522 4785.000000 
52.163771 4883.000000 
52.190020 4873.000000 
52.216269 4854.000000 
52.242518 4928.000000 
52.268767 4753.000000 
52.295017 4914.000000 
52.321266 4909.000000 
52.347515 4973.000000 
52.373764 4980.000000 
52.400013 4899.000000 
52.426262 4831.000000 
52.452511 4788.000000 
52.478760 4832.000000 
52.505009 4957.000000 
52.531258 4889.000000 
52.557507 4886.000000 
52.583757 4897.000000 
52.610006 4920.000000 
52.636255 4742.000000 
52.662504 4955.000000 
52.688753 4879.000000 
52.715002 4915.000000 
52.741251 4734.000000 
52.767500 4767.000000 
52.793749 4822.000000 
52.819998 4952.000000 
52.846247 4870.000000 
52.872497 5021.000000 
52.898746 4915.000000 
52.924995 4802.000000 
52.951244 4921.000000 
52.977493 4948.000000 
53.003742 4852.000000 
53.029991 4879.000000 
53.056240 4953.000000 
53.082489 4897.000000 
53.108738 4880.000000 
53.134987 4910.000000 
53.161237 4892.000000 
53.187486 4840.000000 
53.213735 4875.000000 
53.239984 4806.000000 
53.266233 4971.000000 
53.292482 5099.000000 
53.318731 4979.000000 
53.344980 5005.000000 
53.371229 4874.000000 
53.397478 4952.000000 
53.423727 5011.000000 
53.449977 5110.000000 
53.476226 5175.000000 
53.502475 5252.000000 
53.528724 5433.000000 
53.554973 5418.000000 
53.581222 5395.000000 
53.607471 5331.000000 
53.633720 5221.000000 
53.659969 5321.000000 
53.686218 5203.000000 
53.712467 5281.000000 
53.738717 5014.000000 
53.764966 5007.000000 
53.791215 4938.000000 
53.817464 5000.000000 
53.843713 4864.000000 
53.869962 4910.000000 
53.896211 4931.000000 
53.922460 4944.000000 
53.948709 4797.000000 
53.974958 5017.000000 
54.001207 4817.000000 
54.027457 4928.000000 
54.053706 4965.000000 
54.079955 4941.000000 
54.106204 4936.000000 
54.132453 4975.000000 
54.158702 4902.000000 
54.184951 5050.000000 
54.211200 5005.000000 
54.237449 4920.000000 
54.263698 4986.000000 
54.289948 4769.000000 
54.316197 5017.000000 
54.342446 4860.000000 
54.368695 5000.000000 
54.394944 4929.000000 
54.421193 4869.000000 
54.447442 4992.000000 
54.473691 4878.000000 
54.499940 4810.000000 
54.526189 4782.000000 
54.552438 4966.000000 
54.578688 4916.000000 
54.604937 5017.000000 
54.631186 4793.000000 
54.657435 4808.000000 
54.683684 4784.000000 
54.709933 4852.000000 
54.736182 4921.000000 
54.762431 4786.000000 
54.788680 4805.000000 
54.814929 4836.000000 
54.841178 4810.000000 
54.867428 4937.000000 
54.893677 4808.000000 
54.919926 4971.000000 
54.946175 4771.000000 
54.972424 4877.000000 
54.998673 4876.000000 
55.024922 4870.000000 
55.051171 4854.000000 
55.077420 4897.000000 
55.103669 4841.000000 
55.129918 4931.000000 
55.156168 4853.000000 
55.182417 4904.000000 
55.208666 4895.000000 
55.234915 4773.000000 
55.261164 4936.000000 
55.287413 4874.000000 
55.313662 4863.000000 
55.339911 4889.000000 
55.366160 4846.000000 
55.392409 4814.000000 
55.418658 4920.000000 
55.444908 4871.000000 
55.471157 4795.000000 
55.497406 4816.000000 
55.523655 4875.000000 
55.549904 4837.000000 
55.576153 4878.000000 
55.602402 4837.000000 
55.628651 4841.000000 
55.654900 4898.000000 
55.681149 4860.000000 
55.707398 4822.000000 
55.733648 4833.000000 
55.759897 4917.000000 
55.786146 4853.000000 
55.812395 4824.000000 
55.838644 4935.000000 
55.864893 4853.000000 
55.891142 4803.000000 
55.917391 4827.000000 
55.943640 4762.000000 
55.969889 4911.000000 
55.996138 4886.000000 
56.022388 4930.000000 
56.048637 4853.000000 
56.074886 4933.000000 
56.101135 4872.000000 
56.127384 4706.000000 
56.153633 4946.000000 
56.179882 4819.000000 
56.206131 4760.000000 
56.232380 4918.000000 
56.258629 4965.000000 
56.284878 4873.000000 
56.311128 5012.000000 
56.337377 4882.000000 
56.363626 4785.000000 
56.389875 4894.000000 
56.416124 4926.000000 
56.442373 4809.000000 
56.468622 4945.000000 
56.494871 4901.000000 
56.521120 4829.000000 
56.547369 4817.000000 
56.573618 4963.000000 
56.599868 4901.000000 
56.626117 4957.000000 
56.652366 4777.000000 
56.678615 4864.000000 
56.704864 4933.000000 
56.731113 4940.000000 
56.757362 4937.000000 
56.783611 5050.000000 
56.809860 5039.000000 
56.836109 5062.000000 
56.862358 5039.000000 
56.888608 5148.000000 
56.914857 5162.000000 
56.941106 5238.000000 
56.967355 5538.000000 
56.993604 5895.000000 
57.019853 6401.000000 
57.046102 7051.000000 
57.072351 7098.000000 
57.098600 6762.000000 
57.124849 6440.000000 
57.151098 6166.000000 
57.177348 6308.000000 
57.203597 6334.000000 
57.229846 6207.000000 
57.256095 5935.000000 
57.282344 5553.000000 
57.308593 5414.000000 
57.334842 5410.000000 
57.361091 5147.000000 
57.387340 5047.000000 
57.413589 5133.000000 
57.439838 4989.000000 
57.466088 5013.000000 
57.492337 5001.000000 
57.518586 4976.000000 
57.544835 5057.000000 
57.571084 4965.000000 
57.597333 5001.000000 
57.623582 4881.000000 
57.649831 4940.000000 
57.676080 4845.000000 
57.702329 5049.000000 
57.728578 4940.000000 
57.754828 4907.000000 
57.781077 4969.000000 
57.807326 4936.000000 
57.833575 4959.000000 
57.859824 4912.000000 
57.886073 4815.000000 
57.912322 4981.000000 
57.938571 5023.000000 
57.964820 4988.000000 
57.991069 4950.000000 
58.017318 4981.000000 
58.043568 4801.000000 
58.069817 4835.000000 
58.096066 4811.000000 
58.122315 4803.000000 
58.148564 4814.000000 
58.174813 4921.000000 
58.201062 4794.000000 
58.227311 4917.000000 
58.253560 4946.000000 
58.279809 4938.000000 
58.306058 4767.000000 
58.332308 4711.000000 
58.358557 4944.000000 
58.384806 4975.000000 
58.411055 4814.000000 
58.437304 4984.000000 
58.463553 4858.000000 
58.489802 4916.000000 
58.516051 4909.000000 
58.542300 4902.000000 
58.568549 4812.000000 
58.594798 4899.000000 
58.621048 4801.000000 
58.647297 4954.000000 
58.673546 4840.000000 
58.699795 4895.000000 
58.726044 4958.000000 
58.752293 4874.000000 
58.778542 4909.000000 
58.804791 4812.000000 
58.831040 4934.000000 
58.857289 4880.000000 
58.883539 4848.000000 
58.909788 4861.000000 
58.936037 4849.000000 
58.962286 5014.000000 
58.988535 5052.000000 
59.014784 4940.000000 
59.041033 4904.000000 
59.067282 4877.000000 
59.093531 4924.000000 
59.119780 4769.000000 
59.146029 4902.000000 
59.172279 4855.000000 
59.198528 4885.000000 
59.224777 4974.000000 
59.251026 4768.000000 
59.277275 4880.000000 
59.303524 4841.000000 
59.329773 4880.000000 
59.356022 4820.000000 
59.382271 4950.000000 
59.408520 5031.000000 
59.434769 4846.000000 
59.461019 4882.000000 
59.487268 4786.000000 
59.513517 4838.000000 
59.539766 4951.000000 
59.566015 4956.000000 
59.592264 4798.000000 
59.618513 4885.000000 
59.644762 4861.000000 
59.671011 4756.000000 
59.697260 4944.000000 
59.723509 5028.000000 
59.749759 4877.000000 
59.776008 4919.000000 
59.802257 4979.000000 
59.828506 4978.000000 
59.854755 4977.000000 
59.881004 4805.000000 
59.907253 4959.000000 
59.933502 4908.000000 
59.959751 4964.000000 
59.986000 5015.000000 
60.012249 4919.000000 
60.038499 4896.000000 
60.064748 4952.000000 
60.090997 4923.000000 
60.117246 4959.000000 
60.143495 4965.000000 
60.169744 4943.000000 
60.195993 4930.000000 
60.222242 4816.000000 
60.248491 4884.000000 
60.274740 4958.000000 
60.300989 4965.000000 
60.327239 4852.000000 
60.353488 4901.000000 
60.379737 4899.000000 
60.405986 4933.000000 
60.432235 4941.000000 
60.458484 4789.000000 
60.484733 4950.000000 
60.510982 4890.000000 
60.537231 4840.000000 
60.563480 4885.000000 
60.589729 4975.000000 
60.615979 4939.000000 
60.642228 4870.000000 
60.668477 4954.000000 
60.694726 5015.000000 
60.720975 4922.000000 
60.747224 4955.000000 
60.773473 4764.000000 
60.799722 4847.000000 
60.825971 4971.000000 
60.852220 4982.000000 
60.878469 4892.000000 
60.904719 4904.000000 
60.930968 4978.000000 
60.957217 4848.000000 
60.983466 5010.000000 
61.009715 4901.000000 
61.035964 4987.000000 
61.062213 4957.000000 
61.088462 4900.000000 
61.114711 4915.000000 
61.140960 4829.000000 
61.167209 5050.000000 
61.193459 4911.000000 
61.219708 4809.000000 
61.245957 4961.000000 
61.272206 4851.000000 
61.298455 5114.000000 
61.324704 4997.000000 
61.350953 4952.000000 
61.377202 4944.000000 
61.403451 4909.000000 
61.429700 4988.000000 
61.455949 5126.000000 
61.482199 5085.000000 
61.508448 4882.000000 
61.534697 4949.000000 
61.560946 4946.000000 
61.587195 4918.000000 
61.613444 4983.000000 
61.639693 5014.000000 
61.665942 4924.000000 
61.692191 5002.000000 
61.718440 5039.000000 
61.744689 5001.000000 
61.770939 5001.000000 
61.797188 5100.000000 
61.823437 4964.000000 
61.849686 5022.000000 
61.875935 4962.000000 
61.902184 4989.000000 
61.928433 4936.000000 
61.954682 4972.000000 
61.980931 4980.000000 
62.007180 4953.000000 
62.033429 4913.000000 
62.059679 4906.000000 
62.085928 5052.000000 
62.112177 5117.000000 
62.138426 4988.000000 
62.164675 4926.000000 
62.190924 4928.000000 
62.217173 5043.000000 
62.243422 5088.000000 
62.269671 4967.000000 
62.295920 5071.000000 
62.322169 5020.000000 
62.348419 5025.000000 
62.374668 5147.000000 
62.400917 5020.000000 
62.427166 5189.000000 
62.453415 5338.000000 
62.479664 5434.000000 
62.505913 5558.000000 
62.532162 5871.000000 
62.558411 6009.000000 
62.584660 6880.000000 
62.610909 7426.000000 
62.637159 7699.000000 
62.663408 7778.000000 
62.689657 7424.000000 
62.715906 7007.000000 
62.742155 6582.000000 
62.768404 6621.000000 
62.794653 6996.000000 
62.820902 6806.000000 
62.847151 6613.000000 
62.873400 6145.000000 
62.899649 6024.000000 
62.925899 5709.000000 
62.952148 5335.000000 
62.978397 5326.000000 
63.004646 5286.000000 
63.030895 5140.000000 
63.057144 5108.000000 
63.083393 5162.000000 
63.109642 5035.000000 
63.135891 4952.000000 
63.162140 5081.000000 
63.188389 5067.000000 
63.214639 5004.000000 
63.240888 5012.000000 
63.267137 5059.000000 
63.293386 4968.000000 
63.319635 5107.000000 
63.345884 5075.000000 
63.372133 5014.000000 
63.398382 4940.000000 
63.424631 4787.000000 
63.450880 4968.000000 
63.477129 5207.000000 
63.503379 5068.000000 
63.529628 5040.000000 
63.555877 5138.000000 
63.582126 4983.000000 
63.608375 5079.000000 
63.634624 5030.000000 
63.660873 4926.000000 
63.687122 4912.000000 
63.713371 4926.000000 
63.739620 4958.000000 
63.765870 5096.000000 
63.792119 4920.000000 
63.818368 4992.000000 
63.844617 4842.000000 
63.870866 4955.000000 
63.897115 5036.000000 
63.923364 4868.000000 
63.949613 4919.000000 
63.975862 4970.000000 
64.002111 4953.000000 
64.028360 4939.000000 
64.054610 5034.000000 
64.080859 5015.000000 
64.107108 4976.000000 
64.133357 5065.000000 
64.159606 4916.000000 
64.185855 5105.000000 
64.212104 4867.000000 
64.238353 5064.000000 
64.264602 4933.000000 
64.290851 5026.000000 
64.317100 4920.000000 
64.343350 4918.000000 
64.369599 4841.000000 
64.395848 4919.000000 
64.422097 4938.000000 
64.448346 4886.000000 
64.474595 5055.000000 
64.500844 4896.000000 
64.527093 5037.000000 
64.553342 5012.000000 
64.579591 4999.000000 
64.605840 4961.000000 
64.632090 4969.000000 
64.658339 4863.000000 
64.684588 4974.000000 
64.710837 4929.000000 
64.737086 4851.000000 
64.763335 5091.000000 
64.789584 4871.000000 
64.815833 5030.000000 
64.842082 4933.000000 
64.868331 5040.000000 
64.894580 4901.000000 
64.920830 5004.000000 
64.947079 4950.000000 
64.973328 5020.000000 
64.999577 4925.000000 
65.025826 4965.000000 
65.052075 4808.000000 
65.078324 5080.000000 
65.104573 4984.000000 
65.130822 4954.000000 
65.157071 4917.000000 
65.183320 4954.000000 
65.209570 4884.000000 
65.235819 4882.000000 
65.262068 4874.000000 
65.288317 5051.000000 
65.314566 4990.000000 
65.340815 4952.000000 
65.367064 4960.000000 
65.393313 4853.000000 
65.419562 5015.000000 
65.445811 5003.000000 
65.472060 4861.000000 
65.498310 4870.000000 
65.524559 5021.000000 
65.550808 5009.000000 
65.577057 4973.000000 
65.603306 4874.000000 
65.629555 5002.000000 
65.655804 4939.000000 
65.682053 4787.000000 
65.708302 4885.000000 
65.734551 4928.000000 
65.760800 4937.000000 
65.787050 5059.000000 
65.813299 5125.000000 
65.839548 5039.000000 
65.865797 5045.000000 
65.892046 5108.000000 
65.918295 5127.000000 
65.944544 5010.000000 
65.970793 5040.000000 
65.997042 4878.000000 
66.023291 5015.000000 
66.049540 4940.000000 
66.075790 4947.000000 
66.102039 4897.000000 
66.128288 5071.000000 
66.154537 4983.000000 
66.180786 4975.000000 
66.207035 5014.000000 
66.233284 4971.000000 
66.259533 4998.000000 
66.285782 4988.000000 
66.312031 5047.000000 
66.338280 5025.000000 
66.364530 5160.000000 
66.390779 5002.000000 
66.417028 5034.000000 
66.443277 5076.000000 
66.469526 4928.000000 
66.495775 4917.000000 
66.522024 4967.000000 
66.548273 5027.000000 
66.574522 5022.000000 
66.600771 4923.000000 
66.627020 4863.000000 
66.653270 4936.000000 
66.679519 4836.000000 
66.705768 4990.000000 
66.732017 5040.000000 
66.758266 4907.000000 
66.784515 5020.000000 
66.810764 4974.000000 
66.837013 4952.000000 
66.863262 4956.000000 
66.889511 5017.000000 
66.915760 5069.000000 
66.942010 4944.000000 
66.968259 5128.000000 
66.994508 4878.000000 
67.020757 5013.000000 
67.047006 5041.000000 
67.073255 5135.000000 
67.099504 4914.000000 
67.125753 5098.000000 
67.152002 5020.000000 
67.178251 4971.000000 
67.204500 5088.000000 
67.230750 4986.000000 
67.256999 4956.000000 
67.283248 4971.000000 
67.309497 4991.000000 
67.335746 4929.000000 
67.361995 4974.000000 
67.388244 5106.000000 
67.414493 4921.000000 
67.440742 4910.000000 
67.466991 4895.000000 
67.493240 5062.000000 
67.519490 4994.000000 
67.545739 4787.000000 
67.571988 5077.000000 
67.598237 5065.000000 
67.624486 5102.000000 
67.650735 5117.000000 
67.676984 4970.000000 
67.703233 5009.000000 
67.729482 4958.000000 
67.755731 5043.000000 
67.781980 4983.000000 
67.808230 4963.000000 
67.834479 4920.000000 
67.860728 4913.000000 
67.886977 4893.000000 
67.913226 5028.000000 
67.939475 4992.000000 
67.965724 4960.000000 
67.991973 4988.000000 
68.018222 5052.000000 
68.044471 5055.000000 
68.070720 4980.000000 
68.096970 4957.000000 
68.123219 4944.000000 
68.149468 5097.000000 
68.175717 5115.000000 
68.201966 4914.000000 
68.228215 5016.000000 
68.254464 4891.000000 
68.280713 5059.000000 
68.306962 4974.000000 
68.333211 4947.000000 
68.359461 5043.000000 
68.385710 4995.000000 
68.411959 5099.000000 
68.438208 5003.000000 
68.464457 5077.000000 
68.490706 4971.000000 
68.516955 5167.000000 
68.543204 4852.000000 
68.569453 5052.000000 
68.595702 5061.000000 
68.621951 5047.000000 
68.648201 4943.000000 
68.674450 5180.000000 
68.700699 4963.000000 
68.726948 4985.000000 
68.753197 4930.000000 
68.779446 5032.000000 
68.805695 5004.000000 
68.831944 4948.000000 
68.858193 5078.000000 
68.884442 5035.000000 
68.910691 5059.000000 
68.936941 4895.000000 
68.963190 5023.000000 
68.989439 4901.000000 
69.015688 5041.000000 
69.041937 4978.000000 
69.068186 4936.000000 
69.094435 5105.000000 
69.120684 4922.000000 
69.146933 4972.000000 
69.173182 5088.000000 
69.199431 5002.000000 
69.225681 4919.000000 
69.251930 5030.000000 
69.278179 5005.000000 
69.304428 5029.000000 
69.330677 4904.000000 
69.356926 5018.000000 
69.383175 5015.000000 
69.409424 5047.000000 
69.435673 5115.000000 
69.461922 4968.000000 
69.488171 5063.000000 
69.514421 5002.000000 
69.540670 4930.000000 
69.566919 4966.000000 
69.593168 4970.000000 
69.619417 5063.000000 
69.645666 5156.000000 
69.671915 5074.000000 
69.698164 4974.000000 
69.724413 4924.000000 
69.750662 4992.000000 
69.776911 4972.000000 
69.803161 4936.000000 
69.829410 5086.000000 
69.855659 4999.000000 
69.881908 4985.000000 
69.908157 4966.000000 
69.934406 5009.000000 
69.960655 4987.000000 
