10.007730 3241.000000 
10.033979 3242.000000 
10.060228 3193.000000 
10.086477 3289.000000 
10.112727 3209.000000 
10.138976 3298.000000 
10.165225 3247.000000 
10.191474 3207.000000 
10.217723 3217.000000 
10.243972 3270.000000 
10.270221 3290.000000 
10.296470 3238.000000 
10.322719 3267.000000 
10.348968 3262.000000 
10.375217 3225.000000 
10.401466 3305.000000 
10.427715 3192.000000 
10.453965 3292.000000 
10.480214 3223.000000 
10.506463 3233.000000 
10.532712 3344.000000 
10.558961 3354.000000 
10.585210 3305.000000 
10.611459 3394.000000 
10.637708 3394.000000 
10.663957 3345.000000 
10.690206 3346.000000 
10.716455 3327.000000 
10.742704 3333.000000 
10.768953 3365.000000 
10.795202 3357.000000 
10.821452 3206.000000 
10.847701 3303.000000 
10.873950 3326.000000 
10.900199 3444.000000 
10.926448 3312.000000 
10.952697 3352.000000 
10.978946 3370.000000 
11.005195 3295.000000 
11.031444 3459.000000 
11.057693 3392.000000 
11.083942 3387.000000 
11.110191 3381.000000 
11.136440 3388.000000 
11.162689 3381.000000 
11.188939 3323.000000 
11.215188 3402.000000 
11.241437 3414.000000 
11.267686 3400.000000 
11.293935 3394.000000 
11.320184 3290.000000 
11.346433 3373.000000 
11.372682 3287.000000 
11.398931 3335.000000 
11.425180 3346.000000 
11.451429 3338.000000 
11.477678 3429.000000 
11.503927 3539.000000 
11.530177 3295.000000 
11.556426 3411.000000 
11.582675 3480.000000 
11.608924 3454.000000 
11.635173 3352.000000 
11.661422 3408.000000 
11.687671 3385.000000 
11.713920 3381.000000 
11.740169 3470.000000 
11.766418 3404.000000 
11.792667 3417.000000 
11.818916 3332.000000 
11.845165 3340.000000 
11.871414 3354.000000 
11.897664 3485.000000 
11.923913 3385.000000 
11.950162 3370.000000 
11.976411 3480.000000 
12.002660 3356.000000 
12.028909 3353.000000 
12.055158 3344.000000 
12.081407 3407.000000 
12.107656 3528.000000 
12.133905 3397.000000 
12.160154 3457.000000 
12.186403 3362.000000 
12.212652 3301.000000 
12.238901 3366.000000 
12.265151 3446.000000 
12.291400 3472.000000 
12.317649 3448.000000 
12.343898 3392.000000 
12.370147 3501.000000 
12.396396 3481.000000 
12.422645 3378.000000 
12.448894 3410.000000 
12.475143 3428.000000 
12.501392 3348.000000 
12.527641 3460.000000 
12.553890 3414.000000 
12.580139 3608.000000 
12.606388 3453.000000 
12.632638 3458.000000 
12.658887 3492.000000 
12.685136 3468.000000 
12.711385 3467.000000 
12.737634 3511.000000 
12.763883 3420.000000 
12.790132 3396.000000 
12.816381 3423.000000 
12.842630 3467.000000 
12.868879 3445.000000 
12.895128 3473.000000 
12.921377 3463.000000 
12.947626 3475.000000 
12.973876 3497.000000 
13.000125 3558.000000 
13.026374 3466.000000 
13.052623 3477.000000 
13.078872 3511.000000 
13.105121 3485.000000 
13.131370 3419.000000 
13.157619 3494.000000 
13.183868 3614.000000 
13.210117 3496.000000 
13.236366 3429.000000 
13.262615 3510.000000 
13.288864 3534.000000 
13.315113 3452.000000 
13.341363 3542.000000 
13.367612 3572.000000 
13.393861 3531.000000 
13.420110 3527.000000 
13.446359 3526.000000 
13.472608 3565.000000 
13.498857 3574.000000 
13.525106 3614.000000 
13.551355 3621.000000 
13.577604 3445.000000 
13.603853 3513.000000 
13.630102 3496.000000 
13.656351 3532.000000 
13.682600 3488.000000 
13.708850 3542.000000 
13.735099 3579.000000 
13.761348 3494.000000 
13.787597 3543.000000 
13.813846 3597.000000 
13.840095 3563.000000 
13.866344 3597.000000 
13.892593 3447.000000 
13.918842 3628.000000 
13.945091 3503.000000 
13.971340 3523.000000 
13.997589 3572.000000 
14.023838 3653.000000 
14.050087 3550.000000 
14.076337 3499.000000 
14.102586 3579.000000 
14.128835 3496.000000 
14.155084 3705.000000 
14.181333 3648.000000 
14.207582 3596.000000 
14.233831 3535.000000 
14.260080 3489.000000 
14.286329 3657.000000 
14.312578 3651.000000 
14.338827 3538.000000 
14.365076 3614.000000 
14.391325 3454.000000 
14.417575 3639.000000 
14.443824 3516.000000 
14.470073 3652.000000 
14.496322 3631.000000 
14.522571 3608.000000 
14.548820 3487.000000 
14.575069 3583.000000 
14.601318 3573.000000 
14.627567 3543.000000 
14.653816 3563.000000 
14.680065 3544.000000 
14.706314 3550.000000 
14.732563 3683.000000 
14.758812 3496.000000 
14.785062 3665.000000 
14.811311 3463.000000 
14.837560 3517.000000 
14.863809 3567.000000 
14.890058 3542.000000 
14.916307 3528.000000 
14.942556 3698.000000 
14.968805 3619.000000 
14.995054 3640.000000 
15.021303 3549.000000 
15.047552 3529.000000 
15.073801 3656.000000 
15.100050 3679.000000 
15.126299 3565.000000 
15.152549 3635.000000 
15.178798 3588.000000 
15.205047 3652.000000 
15.231296 3577.000000 
15.257545 3648.000000 
15.283794 3616.000000 
15.310043 3529.000000 
15.336292 3522.000000 
15.362541 3476.000000 
15.388790 3621.000000 
15.415039 3661.000000 
15.441288 3699.000000 
15.467537 3633.000000 
15.493786 3626.000000 
15.520036 3643.000000 
15.546285 3756.000000 
15.572534 3443.000000 
15.598783 3682.000000 
15.625032 3621.000000 
15.651281 3663.000000 
15.677530 3650.000000 
15.703779 3474.000000 
15.730028 3644.000000 
15.756277 3751.000000 
15.782526 3624.000000 
15.808775 3586.000000 
15.835024 3651.000000 
15.861274 3634.000000 
15.887523 3658.000000 
15.913772 3632.000000 
15.940021 3721.000000 
15.966270 3515.000000 
15.992519 3710.000000 
16.018768 3799.000000 
16.045017 3656.000000 
16.071266 3580.000000 
16.097515 3549.000000 
16.123764 3712.000000 
16.150013 3552.000000 
16.176262 3550.000000 
16.202511 3509.000000 
16.228761 3719.000000 
16.255010 3664.000000 
16.281259 3657.000000 
16.307508 3664.000000 
16.333757 3625.000000 
16.360006 3620.000000 
16.386255 3652.000000 
16.412504 3596.000000 
16.438753 3690.000000 
16.465002 3596.000000 
16.491251 3704.000000 
16.517500 3680.000000 
16.543749 3664.000000 
16.569998 3694.000000 
16.596248 3592.000000 
16.622497 3661.000000 
16.648746 3637.000000 
16.674995 3585.000000 
16.701244 3638.000000 
16.727493 3696.000000 
16.753742 3546.000000 
16.779991 3670.000000 
16.806240 3780.000000 
16.832489 3665.000000 
16.858738 3677.000000 
16.884987 3668.000000 
16.911236 3720.000000 
16.937485 3586.000000 
16.963735 3560.000000 
16.989984 3627.000000 
17.016233 3589.000000 
17.042482 3719.000000 
17.068731 3738.000000 
17.094980 3716.000000 
17.121229 3482.000000 
17.147478 3696.000000 
17.173727 3643.000000 
17.199976 3661.000000 
17.226225 3728.000000 
17.252474 3689.000000 
17.278723 3702.000000 
17.304973 3532.000000 
17.331222 3550.000000 
17.357471 3663.000000 
17.383720 3741.000000 
17.409969 3689.000000 
17.436218 3720.000000 
17.462467 3648.000000 
17.488716 3603.000000 
17.514965 3639.000000 
17.541214 3692.000000 
17.567463 3705.000000 
17.593712 3655.000000 
17.619961 3714.000000 
17.646210 3607.000000 
17.672460 3732.000000 
17.698709 3781.000000 
17.724958 3544.000000 
17.751207 3692.000000 
17.777456 3583.000000 
17.803705 3607.000000 
17.829954 3675.000000 
17.856203 3681.000000 
17.882452 3680.000000 
17.908701 3698.000000 
17.934950 3580.000000 
17.961199 3622.000000 
17.987448 3698.000000 
18.013697 3697.000000 
18.039947 3634.000000 
18.066196 3569.000000 
18.092445 3597.000000 
18.118694 3659.000000 
18.144943 3781.000000 
18.171192 3718.000000 
18.197441 3688.000000 
18.223690 3720.000000 
18.249939 3673.000000 
18.276188 3729.000000 
18.302437 3707.000000 
18.328686 3859.000000 
18.354935 3699.000000 
18.381184 3840.000000 
18.407434 3876.000000 
18.433683 3948.000000 
18.459932 4105.000000 
18.486181 3903.000000 
18.512430 3949.000000 
18.538679 3877.000000 
18.564928 3771.000000 
18.591177 3706.000000 
18.617426 3606.000000 
18.643675 3664.000000 
18.669924 3608.000000 
18.696173 3615.000000 
18.722422 3678.000000 
18.748672 3589.000000 
18.774921 3578.000000 
18.801170 3651.000000 
18.827419 3616.000000 
18.853668 3581.000000 
18.879917 3638.000000 
18.906166 3664.000000 
18.932415 3635.000000 
18.958664 3605.000000 
18.984913 3724.000000 
19.011162 3732.000000 
19.037411 3621.000000 
19.063660 3638.000000 
19.089909 3676.000000 
19.116159 3588.000000 
19.142408 3613.000000 
19.168657 3737.000000 
19.194906 3585.000000 
19.221155 3665.000000 
19.247404 3702.000000 
19.273653 3622.000000 
19.299902 3747.000000 
19.326151 3663.000000 
19.352400 3690.000000 
19.378649 3661.000000 
19.404898 3603.000000 
19.431147 3542.000000 
19.457396 3613.000000 
19.483646 3518.000000 
19.509895 3623.000000 
19.536144 3681.000000 
19.562393 3683.000000 
19.588642 3690.000000 
19.614891 3753.000000 
19.641140 3648.000000 
19.667389 3751.000000 
19.693638 3671.000000 
19.719887 3610.000000 
19.746136 3529.000000 
19.772385 3647.000000 
19.798634 3600.000000 
19.824883 3692.000000 
19.851133 3777.000000 
19.877382 3599.000000 
19.903631 3588.000000 
19.929880 3735.000000 
19.956129 3597.000000 
19.982378 3553.000000 
20.008627 3620.000000 
20.034876 3642.000000 
20.061125 3474.000000 
20.087374 3635.000000 
20.113623 3602.000000 
20.139872 3644.000000 
20.166121 3624.000000 
20.192371 3639.000000 
20.218620 3590.000000 
20.244869 3556.000000 
20.271118 3504.000000 
20.297367 3677.000000 
20.323616 3583.000000 
20.349865 3677.000000 
20.376114 3748.000000 
20.402363 3613.000000 
20.428612 3662.000000 
20.454861 3697.000000 
20.481110 3648.000000 
20.507359 3576.000000 
20.533608 3601.000000 
20.559858 3553.000000 
20.586107 3673.000000 
20.612356 3706.000000 
20.638605 3563.000000 
20.664854 3580.000000 
20.691103 3534.000000 
20.717352 3537.000000 
20.743601 3688.000000 
20.769850 3693.000000 
20.796099 3629.000000 
20.822348 3554.000000 
20.848597 3508.000000 
20.874846 3536.000000 
20.901095 3563.000000 
20.927345 3579.000000 
20.953594 3748.000000 
20.979843 3641.000000 
21.006092 3818.000000 
21.032341 3742.000000 
21.058590 3760.000000 
21.084839 3724.000000 
21.111088 3558.000000 
21.137337 3656.000000 
21.163586 3640.000000 
21.189835 3662.000000 
21.216084 3622.000000 
21.242333 3522.000000 
21.268582 3682.000000 
21.294832 3544.000000 
21.321081 3611.000000 
21.347330 3613.000000 
21.373579 3522.000000 
21.399828 3598.000000 
21.426077 3655.000000 
21.452326 3570.000000 
21.478575 3579.000000 
21.504824 3613.000000 
21.531073 3669.000000 
21.557322 3634.000000 
21.583571 3728.000000 
21.609820 3634.000000 
21.636070 3560.000000 
21.662319 3431.000000 
21.688568 3694.000000 
21.714817 3610.000000 
21.741066 3482.000000 
21.767315 3617.000000 
21.793564 3616.000000 
21.819813 3650.000000 
21.846062 3656.000000 
21.872311 3661.000000 
21.898560 3605.000000 
21.924809 3585.000000 
21.951058 3590.000000 
21.977307 3672.000000 
22.003557 3565.000000 
22.029806 3791.000000 
22.056055 3672.000000 
22.082304 3590.000000 
22.108553 3589.000000 
22.134802 3655.000000 
22.161051 3646.000000 
22.187300 3538.000000 
22.213549 3538.000000 
22.239798 3509.000000 
22.266047 3509.000000 
22.292296 3550.000000 
22.318545 3552.000000 
22.344794 3761.000000 
22.371044 3717.000000 
22.397293 3602.000000 
22.423542 3650.000000 
22.449791 3646.000000 
22.476040 3512.000000 
22.502289 3647.000000 
22.528538 3473.000000 
22.554787 3569.000000 
22.581036 3722.000000 
22.607285 3613.000000 
22.633534 3767.000000 
22.659783 3689.000000 
22.686032 3676.000000 
22.712281 3517.000000 
22.738531 3481.000000 
22.764780 3499.000000 
22.791029 3530.000000 
22.817278 3510.000000 
22.843527 3716.000000 
22.869776 3633.000000 
22.896025 3688.000000 
22.922274 3538.000000 
22.948523 3670.000000 
22.974772 3643.000000 
23.001021 3566.000000 
23.027270 3523.000000 
23.053519 3562.000000 
23.079769 3565.000000 
23.106018 3588.000000 
23.132267 3570.000000 
23.158516 3687.000000 
23.184765 3597.000000 
23.211014 3600.000000 
23.237263 3598.000000 
23.263512 3649.000000 
23.289761 3588.000000 
23.316010 3569.000000 
23.342259 3589.000000 
23.368508 3563.000000 
23.394757 3635.000000 
23.421006 3510.000000 
23.447256 3556.000000 
23.473505 3529.000000 
23.499754 3706.000000 
23.526003 3586.000000 
23.552252 3500.000000 
23.578501 3545.000000 
23.604750 3512.000000 
23.630999 3560.000000 
23.657248 3530.000000 
23.683497 3659.000000 
23.709746 3397.000000 
23.735995 3479.000000 
23.762244 3690.000000 
23.788493 3529.000000 
23.814743 3579.000000 
23.840992 3613.000000 
23.867241 3568.000000 
23.893490 3552.000000 
23.919739 3548.000000 
23.945988 3536.000000 
23.972237 3431.000000 
23.998486 3598.000000 
24.024735 3478.000000 
24.050984 3699.000000 
24.077233 3566.000000 
24.103482 3657.000000 
24.129731 3485.000000 
24.155981 3590.000000 
24.182230 3588.000000 
24.208479 3664.000000 
24.234728 3581.000000 
24.260977 3502.000000 
24.287226 3627.000000 
24.313475 3589.000000 
24.339724 3623.000000 
24.365973 3550.000000 
24.392222 3636.000000 
24.418471 3480.000000 
24.444720 3508.000000 
24.470969 3581.000000 
24.497218 3606.000000 
24.523468 3537.000000 
24.549717 3663.000000 
24.575966 3592.000000 
24.602215 3535.000000 
24.628464 3516.000000 
24.654713 3539.000000 
24.680962 3497.000000 
24.707211 3541.000000 
24.733460 3478.000000 
24.759709 3574.000000 
24.785958 3508.000000 
24.812207 3479.000000 
24.838456 3614.000000 
24.864705 3486.000000 
24.890955 3541.000000 
24.917204 3566.000000 
24.943453 3471.000000 
24.969702 3630.000000 
24.995951 3510.000000 
25.022200 3554.000000 
25.048449 3554.000000 
25.074698 3602.000000 
25.100947 3556.000000 
25.127196 3568.000000 
25.153445 3550.000000 
25.179694 3589.000000 
25.205943 3511.000000 
25.232192 3548.000000 
25.258442 3533.000000 
25.284691 3405.000000 
25.310940 3489.000000 
25.337189 3564.000000 
25.363438 3617.000000 
25.389687 3606.000000 
25.415936 3579.000000 
25.442185 3540.000000 
25.468434 3566.000000 
25.494683 3523.000000 
25.520932 3437.000000 
25.547181 3520.000000 
25.573430 3441.000000 
25.599680 3518.000000 
25.625929 3607.000000 
25.652178 3509.000000 
25.678427 3589.000000 
25.704676 3591.000000 
25.730925 3533.000000 
25.757174 3678.000000 
25.783423 3500.000000 
25.809672 3532.000000 
25.835921 3520.000000 
25.862170 3548.000000 
25.888419 3502.000000 
25.914668 3534.000000 
25.940917 3487.000000 
25.967167 3545.000000 
25.993416 3545.000000 
26.019665 3593.000000 
26.045914 3504.000000 
26.072163 3522.000000 
26.098412 3523.000000 
26.124661 3526.000000 
26.150910 3414.000000 
26.177159 3503.000000 
26.203408 3547.000000 
26.229657 3516.000000 
26.255906 3616.000000 
26.282155 3581.000000 
26.308404 3564.000000 
26.334654 3464.000000 
26.360903 3478.000000 
26.387152 3448.000000 
26.413401 3673.000000 
26.439650 3494.000000 
26.465899 3540.000000 
26.492148 3495.000000 
26.518397 3634.000000 
26.544646 3627.000000 
26.570895 3658.000000 
26.597144 3541.000000 
26.623393 3611.000000 
26.649642 3514.000000 
26.675891 3530.000000 
26.702141 3660.000000 
26.728390 3544.000000 
26.754639 3681.000000 
26.780888 3660.000000 
26.807137 3809.000000 
26.833386 3752.000000 
26.859635 3701.000000 
26.885884 3682.000000 
26.912133 3638.000000 
26.938382 3751.000000 
26.964631 3582.000000 
26.990880 3598.000000 
27.017129 3425.000000 
27.043379 3528.000000 
27.069628 3551.000000 
27.095877 3505.000000 
27.122126 3508.000000 
27.148375 3444.000000 
27.174624 3499.000000 
27.200873 3507.000000 
27.227122 3557.000000 
27.253371 3418.000000 
27.279620 3569.000000 
27.305869 3502.000000 
27.332118 3585.000000 
27.358367 3415.000000 
27.384616 3597.000000 
27.410866 3532.000000 
27.437115 3506.000000 
27.463364 3536.000000 
27.489613 3377.000000 
27.515862 3581.000000 
27.542111 3452.000000 
27.568360 3360.000000 
27.594609 3484.000000 
27.620858 3422.000000 
27.647107 3520.000000 
27.673356 3399.000000 
27.699605 3490.000000 
27.725854 3444.000000 
27.752103 3550.000000 
27.778353 3444.000000 
27.804602 3424.000000 
27.830851 3488.000000 
27.857100 3465.000000 
27.883349 3485.000000 
27.909598 3521.000000 
27.935847 3540.000000 
27.962096 3440.000000 
27.988345 3453.000000 
28.014594 3425.000000 
28.040843 3414.000000 
28.067092 3560.000000 
28.093341 3551.000000 
28.119590 3507.000000 
28.145840 3477.000000 
28.172089 3465.000000 
28.198338 3442.000000 
28.224587 3532.000000 
28.250836 3519.000000 
28.277085 3504.000000 
28.303334 3445.000000 
28.329583 3421.000000 
28.355832 3520.000000 
28.382081 3525.000000 
28.408330 3484.000000 
28.434579 3486.000000 
28.460828 3469.000000 
28.487078 3432.000000 
28.513327 3444.000000 
28.539576 3381.000000 
28.565825 3481.000000 
28.592074 3491.000000 
28.618323 3473.000000 
28.644572 3414.000000 
28.670821 3498.000000 
28.697070 3476.000000 
28.723319 3386.000000 
28.749568 3438.000000 
28.775817 3580.000000 
28.802066 3577.000000 
28.828315 3594.000000 
28.854565 3430.000000 
28.880814 3364.000000 
28.907063 3467.000000 
28.933312 3473.000000 
28.959561 3468.000000 
28.985810 3531.000000 
29.012059 3349.000000 
29.038308 3449.000000 
29.064557 3545.000000 
29.090806 3471.000000 
29.117055 3581.000000 
29.143304 3302.000000 
29.169553 3547.000000 
29.195802 3463.000000 
29.222052 3466.000000 
29.248301 3513.000000 
29.274550 3473.000000 
29.300799 3533.000000 
29.327048 3530.000000 
29.353297 3571.000000 
29.379546 3444.000000 
29.405795 3461.000000 
29.432044 3427.000000 
29.458293 3388.000000 
29.484542 3538.000000 
29.510791 3438.000000 
29.537040 3508.000000 
29.563289 3490.000000 
29.589539 3355.000000 
29.615788 3510.000000 
29.642037 3489.000000 
29.668286 3432.000000 
29.694535 3485.000000 
29.720784 3451.000000 
29.747033 3394.000000 
29.773282 3408.000000 
29.799531 3504.000000 
29.825780 3445.000000 
29.852029 3472.000000 
29.878278 3509.000000 
29.904527 3521.000000 
29.930777 3549.000000 
29.957026 3516.000000 
29.983275 3544.000000 
30.009524 3463.000000 
30.035773 3591.000000 
30.062022 3567.000000 
30.088271 3695.000000 
30.114520 3731.000000 
30.140769 4009.000000 
30.167018 4027.000000 
30.193267 4131.000000 
30.219516 4418.000000 
30.245765 4508.000000 
30.272014 4446.000000 
30.298264 4463.000000 
30.324513 4345.000000 
30.350762 4342.000000 
30.377011 4122.000000 
30.403260 3864.000000 
30.429509 3921.000000 
30.455758 3666.000000 
30.482007 3557.000000 
30.508256 3532.000000 
30.534505 3506.000000 
30.560754 3512.000000 
30.587003 3484.000000 
30.613252 3484.000000 
30.639501 3455.000000 
30.665751 3544.000000 
30.692000 3504.000000 
30.718249 3519.000000 
30.744498 3478.000000 
30.770747 3520.000000 
30.796996 3427.000000 
30.823245 3395.000000 
30.849494 3438.000000 
30.875743 3496.000000 
30.901992 3377.000000 
30.928241 3473.000000 
30.954490 3430.000000 
30.980739 3440.000000 
31.006988 3537.000000 
31.033238 3566.000000 
31.059487 3485.000000 
31.085736 3392.000000 
31.111985 3319.000000 
31.138234 3445.000000 
31.164483 3354.000000 
31.190732 3385.000000 
31.216981 3579.000000 
31.243230 3445.000000 
31.269479 3459.000000 
31.295728 3377.000000 
31.321977 3337.000000 
31.348226 3392.000000 
31.374476 3305.000000 
31.400725 3399.000000 
31.426974 3377.000000 
31.453223 3386.000000 
31.479472 3458.000000 
31.505721 3339.000000 
31.531970 3548.000000 
31.558219 3483.000000 
31.584468 3473.000000 
31.610717 3460.000000 
31.636966 3437.000000 
31.663215 3444.000000 
31.689464 3488.000000 
31.715713 3547.000000 
31.741963 3542.000000 
31.768212 3421.000000 
31.794461 3532.000000 
31.820710 3483.000000 
31.846959 3395.000000 
31.873208 3378.000000 
31.899457 3501.000000 
31.925706 3406.000000 
31.951955 3559.000000 
31.978204 3557.000000 
32.004453 3476.000000 
32.030702 3486.000000 
32.056951 3417.000000 
32.083200 3525.000000 
32.109450 3559.000000 
32.135699 3435.000000 
32.161948 3399.000000 
32.188197 3527.000000 
32.214446 3518.000000 
32.240695 3468.000000 
32.266944 3487.000000 
32.293193 3498.000000 
32.319442 3499.000000 
32.345691 3441.000000 
32.371940 3583.000000 
32.398189 3483.000000 
32.424438 3501.000000 
32.450687 3503.000000 
32.476937 3419.000000 
32.503186 3468.000000 
32.529435 3522.000000 
32.555684 3489.000000 
32.581933 3534.000000 
32.608182 3537.000000 
32.634431 3327.000000 
32.660680 3469.000000 
32.686929 3337.000000 
32.713178 3457.000000 
32.739427 3313.000000 
32.765676 3430.000000 
32.791925 3358.000000 
32.818175 3304.000000 
32.844424 3406.000000 
32.870673 3521.000000 
32.896922 3417.000000 
32.923171 3459.000000 
32.949420 3450.000000 
32.975669 3408.000000 
33.001918 3518.000000 
33.028167 3545.000000 
33.054416 3436.000000 
33.080665 3474.000000 
33.106914 3413.000000 
33.133163 3440.000000 
33.159412 3453.000000 
33.185662 3560.000000 
33.211911 3624.000000 
33.238160 3523.000000 
33.264409 3680.000000 
33.290658 3421.000000 
33.316907 3583.000000 
33.343156 3643.000000 
33.369405 3625.000000 
33.395654 3682.000000 
33.421903 3595.000000 
33.448152 3493.000000 
33.474401 3536.000000 
33.500650 3593.000000 
33.526899 3435.000000 
33.553149 3505.000000 
33.579398 3396.000000 
33.605647 3414.000000 
33.631896 3437.000000 
33.658145 3513.000000 
33.684394 3518.000000 
33.710643 3362.000000 
33.736892 3508.000000 
33.763141 3570.000000 
33.789390 3451.000000 
33.815639 3455.000000 
33.841888 3370.000000 
33.868137 3442.000000 
33.894386 3505.000000 
33.920636 3462.000000 
33.946885 3422.000000 
33.973134 3482.000000 
33.999383 3556.000000 
34.025632 3444.000000 
34.051881 3573.000000 
34.078130 3506.000000 
34.104379 3467.000000 
34.130628 3439.000000 
34.156877 3440.000000 
34.183126 3495.000000 
34.209375 3446.000000 
34.235624 3604.000000 
34.261874 3390.000000 
34.288123 3608.000000 
34.314372 3587.000000 
34.340621 3522.000000 
34.366870 3618.000000 
34.393119 3529.000000 
34.419368 3567.000000 
34.445617 3568.000000 
34.471866 3386.000000 
34.498115 3500.000000 
34.524364 3497.000000 
34.550613 3412.000000 
34.576862 3663.000000 
34.603111 3433.000000 
34.629361 3501.000000 
34.655610 3501.000000 
34.681859 3446.000000 
34.708108 3486.000000 
34.734357 3606.000000 
34.760606 3484.000000 
34.786855 3606.000000 
34.813104 3395.000000 
34.839353 3322.000000 
34.865602 3534.000000 
34.891851 3505.000000 
34.918100 3512.000000 
34.944349 3538.000000 
34.970598 3388.000000 
34.996848 3546.000000 
35.023097 3506.000000 
35.049346 3432.000000 
35.075595 3616.000000 
35.101844 3503.000000 
35.128093 3512.000000 
35.154342 3548.000000 
35.180591 3612.000000 
35.206840 3630.000000 
35.233089 3574.000000 
35.259338 3553.000000 
35.285587 3630.000000 
35.311836 3595.000000 
35.338085 3724.000000 
35.364335 3739.000000 
35.390584 3925.000000 
35.416833 4077.000000 
35.443082 4200.000000 
35.469331 4407.000000 
35.495580 4877.000000 
35.521829 5512.000000 
35.548078 6345.000000 
35.574327 6941.000000 
35.600576 7462.000000 
35.626825 7529.000000 
35.653074 7454.000000 
35.679323 7218.000000 
35.705573 6705.000000 
35.731822 5984.000000 
35.758071 5422.000000 
35.784320 4938.000000 
35.810569 4449.000000 
35.836818 4266.000000 
35.863067 3977.000000 
35.889316 3950.000000 
35.915565 3791.000000 
35.941814 3865.000000 
35.968063 3813.000000 
35.994312 3673.000000 
36.020561 3562.000000 
36.046810 3664.000000 
36.073060 3674.000000 
36.099309 3476.000000 
36.125558 3608.000000 
36.151807 3643.000000 
36.178056 3710.000000 
36.204305 3575.000000 
36.230554 3624.000000 
36.256803 3479.000000 
36.283052 3548.000000 
36.309301 3575.000000 
36.335550 3502.000000 
36.361799 3415.000000 
36.388048 3519.000000 
36.414297 3508.000000 
36.440547 3550.000000 
36.466796 3661.000000 
36.493045 3461.000000 
36.519294 3568.000000 
36.545543 3513.000000 
36.571792 3618.000000 
36.598041 3467.000000 
36.624290 3517.000000 
36.650539 3566.000000 
36.676788 3518.000000 
36.703037 3617.000000 
36.729286 3508.000000 
36.755535 3557.000000 
36.781785 3587.000000 
36.808034 3520.000000 
36.834283 3539.000000 
36.860532 3484.000000 
36.886781 3497.000000 
36.913030 3426.000000 
36.939279 3470.000000 
36.965528 3365.000000 
36.991777 3549.000000 
37.018026 3585.000000 
37.044275 3569.000000 
37.070524 3583.000000 
37.096773 3546.000000 
37.123022 3496.000000 
37.149272 3678.000000 
37.175521 3676.000000 
37.201770 3686.000000 
37.228019 3690.000000 
37.254268 3638.000000 
37.280517 3764.000000 
37.306766 3848.000000 
37.333015 3681.000000 
37.359264 3658.000000 
37.385513 3611.000000 
37.411762 3632.000000 
37.438011 3570.000000 
37.464260 3566.000000 
37.490509 3456.000000 
37.516759 3500.000000 
37.543008 3519.000000 
37.569257 3522.000000 
37.595506 3491.000000 
37.621755 3538.000000 
37.648004 3467.000000 
37.674253 3500.000000 
37.700502 3541.000000 
37.726751 3528.000000 
37.753000 3438.000000 
37.779249 3467.000000 
37.805498 3396.000000 
37.831747 3535.000000 
37.857996 3480.000000 
37.884246 3478.000000 
37.910495 3460.000000 
37.936744 3546.000000 
37.962993 3500.000000 
37.989242 3443.000000 
38.015491 3428.000000 
38.041740 3532.000000 
38.067989 3448.000000 
38.094238 3470.000000 
38.120487 3420.000000 
38.146736 3427.000000 
38.172985 3525.000000 
38.199234 3494.000000 
38.225484 3540.000000 
38.251733 3515.000000 
38.277982 3534.000000 
38.304231 3473.000000 
38.330480 3386.000000 
38.356729 3672.000000 
38.382978 3446.000000 
38.409227 3442.000000 
38.435476 3555.000000 
38.461725 3487.000000 
38.487974 3507.000000 
38.514223 3484.000000 
38.540472 3557.000000 
38.566721 3496.000000 
38.592971 3427.000000 
38.619220 3466.000000 
38.645469 3490.000000 
38.671718 3460.000000 
38.697967 3528.000000 
38.724216 3556.000000 
38.750465 3463.000000 
38.776714 3443.000000 
38.802963 3496.000000 
38.829212 3436.000000 
38.855461 3408.000000 
38.881710 3509.000000 
38.907959 3530.000000 
38.934208 3545.000000 
38.960458 3447.000000 
38.986707 3516.000000 
39.012956 3515.000000 
39.039205 3494.000000 
39.065454 3550.000000 
39.091703 3540.000000 
39.117952 3538.000000 
39.144201 3472.000000 
39.170450 3475.000000 
39.196699 3415.000000 
39.222948 3547.000000 
39.249197 3543.000000 
39.275446 3657.000000 
39.301695 3411.000000 
39.327945 3592.000000 
39.354194 3495.000000 
39.380443 3551.000000 
39.406692 3607.000000 
39.432941 3485.000000 
39.459190 3524.000000 
39.485439 3512.000000 
39.511688 3600.000000 
39.537937 3401.000000 
39.564186 3525.000000 
39.590435 3483.000000 
39.616684 3476.000000 
39.642933 3458.000000 
39.669183 3349.000000 
39.695432 3489.000000 
39.721681 3450.000000 
39.747930 3511.000000 
39.774179 3495.000000 
39.800428 3382.000000 
39.826677 3504.000000 
39.852926 3529.000000 
39.879175 3408.000000 
39.905424 3495.000000 
39.931673 3522.000000 
39.957922 3443.000000 
39.984171 3548.000000 
40.010420 3415.000000 
40.036670 3444.000000 
40.062919 3449.000000 
40.089168 3447.000000 
40.115417 3394.000000 
40.141666 3504.000000 
40.167915 3448.000000 
40.194164 3358.000000 
40.220413 3424.000000 
40.246662 3466.000000 
40.272911 3490.000000 
40.299160 3441.000000 
40.325409 3511.000000 
40.351658 3515.000000 
40.377907 3483.000000 
40.404157 3582.000000 
40.430406 3535.000000 
40.456655 3445.000000 
40.482904 3515.000000 
40.509153 3499.000000 
40.535402 3446.000000 
40.561651 3533.000000 
40.587900 3491.000000 
40.614149 3396.000000 
40.640398 3573.000000 
40.666647 3551.000000 
40.692896 3544.000000 
40.719145 3525.000000 
40.745394 3518.000000 
40.771644 3557.000000 
40.797893 3407.000000 
40.824142 3451.000000 
40.850391 3444.000000 
40.876640 3430.000000 
40.902889 3415.000000 
40.929138 3577.000000 
40.955387 3534.000000 
40.981636 3608.000000 
41.007885 3524.000000 
41.034134 3617.000000 
41.060383 3578.000000 
41.086632 3465.000000 
41.112882 3550.000000 
41.139131 3434.000000 
41.165380 3521.000000 
41.191629 3504.000000 
41.217878 3539.000000 
41.244127 3524.000000 
41.270376 3537.000000 
41.296625 3465.000000 
41.322874 3407.000000 
41.349123 3481.000000 
41.375372 3561.000000 
41.401621 3554.000000 
41.427870 3522.000000 
41.454119 3494.000000 
41.480369 3493.000000 
41.506618 3421.000000 
41.532867 3611.000000 
41.559116 3514.000000 
41.585365 3511.000000 
41.611614 3407.000000 
41.637863 3600.000000 
41.664112 3423.000000 
41.690361 3443.000000 
41.716610 3435.000000 
41.742859 3550.000000 
41.769108 3596.000000 
41.795357 3529.000000 
41.821606 3473.000000 
41.847856 3596.000000 
41.874105 3534.000000 
41.900354 3533.000000 
41.926603 3383.000000 
41.952852 3487.000000 
41.979101 3588.000000 
42.005350 3496.000000 
42.031599 3567.000000 
42.057848 3424.000000 
42.084097 3548.000000 
42.110346 3539.000000 
42.136595 3461.000000 
42.162844 3519.000000 
42.189093 3613.000000 
42.215343 3436.000000 
42.241592 3480.000000 
42.267841 3558.000000 
42.294090 3616.000000 
42.320339 3492.000000 
42.346588 3534.000000 
42.372837 3531.000000 
42.399086 3413.000000 
42.425335 3457.000000 
42.451584 3556.000000 
42.477833 3522.000000 
42.504082 3555.000000 
42.530331 3511.000000 
42.556581 3585.000000 
42.582830 3496.000000 
42.609079 3546.000000 
42.635328 3567.000000 
42.661577 3596.000000 
42.687826 3496.000000 
42.714075 3550.000000 
42.740324 3454.000000 
42.766573 3686.000000 
42.792822 3585.000000 
42.819071 3613.000000 
42.845320 3453.000000 
42.871569 3465.000000 
42.897818 3563.000000 
42.924068 3683.000000 
42.950317 3545.000000 
42.976566 3530.000000 
43.002815 3632.000000 
43.029064 3636.000000 
43.055313 3694.000000 
43.081562 3603.000000 
43.107811 3790.000000 
43.134060 4063.000000 
43.160309 4030.000000 
43.186558 4275.000000 
43.212807 4323.000000 
43.239056 4507.000000 
43.265305 4481.000000 
43.291555 4427.000000 
43.317804 4257.000000 
43.344053 4258.000000 
43.370302 4187.000000 
43.396551 4119.000000 
43.422800 3853.000000 
43.449049 3891.000000 
43.475298 3823.000000 
43.501547 3643.000000 
43.527796 3721.000000 
43.554045 3614.000000 
43.580294 3540.000000 
43.606543 3560.000000 
43.632792 3591.000000 
43.659042 3549.000000 
43.685291 3501.000000 
43.711540 3674.000000 
43.737789 3501.000000 
43.764038 3638.000000 
43.790287 3517.000000 
43.816536 3518.000000 
43.842785 3514.000000 
43.869034 3516.000000 
43.895283 3543.000000 
43.921532 3624.000000 
43.947781 3549.000000 
43.974030 3621.000000 
44.000280 3598.000000 
44.026529 3766.000000 
44.052778 3597.000000 
44.079027 3497.000000 
44.105276 3520.000000 
44.131525 3456.000000 
44.157774 3533.000000 
44.184023 3566.000000 
44.210272 3522.000000 
44.236521 3526.000000 
44.262770 3607.000000 
44.289019 3497.000000 
44.315268 3548.000000 
44.341517 3464.000000 
44.367767 3595.000000 
44.394016 3402.000000 
44.420265 3574.000000 
44.446514 3468.000000 
44.472763 3594.000000 
44.499012 3598.000000 
44.525261 3591.000000 
44.551510 3575.000000 
44.577759 3623.000000 
44.604008 3595.000000 
44.630257 3638.000000 
44.656506 3457.000000 
44.682755 3624.000000 
44.709004 3492.000000 
44.735254 3515.000000 
44.761503 3582.000000 
44.787752 3622.000000 
44.814001 3423.000000 
44.840250 3423.000000 
44.866499 3527.000000 
44.892748 3530.000000 
44.918997 3578.000000 
44.945246 3540.000000 
44.971495 3525.000000 
44.997744 3594.000000 
45.023993 3571.000000 
45.050242 3531.000000 
45.076491 3568.000000 
45.102741 3642.000000 
45.128990 3586.000000 
45.155239 3544.000000 
45.181488 3505.000000 
45.207737 3542.000000 
45.233986 3452.000000 
45.260235 3596.000000 
45.286484 3571.000000 
45.312733 3562.000000 
45.338982 3410.000000 
45.365231 3475.000000 
45.391480 3551.000000 
45.417729 3485.000000 
45.443979 3528.000000 
45.470228 3671.000000 
45.496477 3435.000000 
45.522726 3472.000000 
45.548975 3452.000000 
45.575224 3522.000000 
45.601473 3505.000000 
45.627722 3521.000000 
45.653971 3623.000000 
45.680220 3441.000000 
45.706469 3588.000000 
45.732718 3578.000000 
45.758967 3533.000000 
45.785216 3526.000000 
45.811466 3565.000000 
45.837715 3515.000000 
45.863964 3547.000000 
45.890213 3514.000000 
45.916462 3523.000000 
45.942711 3777.000000 
45.968960 3624.000000 
45.995209 3578.000000 
46.021458 3520.000000 
46.047707 3669.000000 
46.073956 3468.000000 
46.100205 3609.000000 
46.126454 3720.000000 
46.152703 3603.000000 
46.178953 3565.000000 
46.205202 3636.000000 
46.231451 3503.000000 
46.257700 3628.000000 
46.283949 3564.000000 
46.310198 3538.000000 
46.336447 3562.000000 
46.362696 3540.000000 
46.388945 3531.000000 
46.415194 3688.000000 
46.441443 3570.000000 
46.467692 3661.000000 
46.493941 3625.000000 
46.520190 3710.000000 
46.546440 3551.000000 
46.572689 3526.000000 
46.598938 3444.000000 
46.625187 3455.000000 
46.651436 3461.000000 
46.677685 3464.000000 
46.703934 3533.000000 
46.730183 3436.000000 
46.756432 3555.000000 
46.782681 3674.000000 
46.808930 3633.000000 
46.835179 3553.000000 
46.861428 3564.000000 
46.887678 3479.000000 
46.913927 3507.000000 
46.940176 3642.000000 
46.966425 3569.000000 
46.992674 3526.000000 
47.018923 3534.000000 
47.045172 3553.000000 
47.071421 3615.000000 
47.097670 3425.000000 
47.123919 3552.000000 
47.150168 3453.000000 
47.176417 3626.000000 
47.202666 3698.000000 
47.228915 3503.000000 
47.255165 3611.000000 
47.281414 3595.000000 
47.307663 3636.000000 
47.333912 3584.000000 
47.360161 3651.000000 
47.386410 3661.000000 
47.412659 3623.000000 
47.438908 3537.000000 
47.465157 3642.000000 
47.491406 3563.000000 
47.517655 3500.000000 
47.543904 3593.000000 
47.570153 3687.000000 
47.596402 3509.000000 
47.622652 3555.000000 
47.648901 3550.000000 
47.675150 3588.000000 
47.701399 3596.000000 
47.727648 3654.000000 
47.753897 3495.000000 
47.780146 3614.000000 
47.806395 3510.000000 
47.832644 3611.000000 
47.858893 3621.000000 
47.885142 3579.000000 
47.911391 3656.000000 
47.937640 3552.000000 
47.963889 3611.000000 
47.990139 3469.000000 
48.016388 3453.000000 
48.042637 3705.000000 
48.068886 3591.000000 
48.095135 3504.000000 
48.121384 3628.000000 
48.147633 3601.000000 
48.173882 3738.000000 
48.200131 3697.000000 
48.226380 3635.000000 
48.252629 3554.000000 
48.278878 3483.000000 
48.305127 3511.000000 
48.331377 3624.000000 
48.357626 3675.000000 
48.383875 3626.000000 
48.410124 3708.000000 
48.436373 3570.000000 
48.462622 3662.000000 
48.488871 3566.000000 
48.515120 3606.000000 
48.541369 3525.000000 
48.567618 3583.000000 
48.593867 3647.000000 
48.620116 3590.000000 
48.646365 3700.000000 
48.672614 3697.000000 
48.698864 3719.000000 
48.725113 3591.000000 
48.751362 3725.000000 
48.777611 3605.000000 
48.803860 3690.000000 
48.830109 3623.000000 
48.856358 3724.000000 
48.882607 3662.000000 
48.908856 3585.000000 
48.935105 3700.000000 
48.961354 3671.000000 
48.987603 3662.000000 
49.013852 3620.000000 
49.040101 3694.000000 
49.066351 3729.000000 
49.092600 3656.000000 
49.118849 3632.000000 
49.145098 3563.000000 
49.171347 3521.000000 
49.197596 3584.000000 
49.223845 3739.000000 
49.250094 3746.000000 
49.276343 3652.000000 
49.302592 3632.000000 
49.328841 3691.000000 
49.355090 3600.000000 
49.381339 3542.000000 
49.407589 3609.000000 
49.433838 3698.000000 
49.460087 3568.000000 
49.486336 3721.000000 
49.512585 3654.000000 
49.538834 3614.000000 
49.565083 3706.000000 
49.591332 3663.000000 
49.617581 3671.000000 
49.643830 3600.000000 
49.670079 3610.000000 
49.696328 3730.000000 
49.722577 3668.000000 
49.748826 3638.000000 
49.775076 3678.000000 
49.801325 3695.000000 
49.827574 3634.000000 
49.853823 3621.000000 
49.880072 3648.000000 
49.906321 3613.000000 
49.932570 3634.000000 
49.958819 3601.000000 
49.985068 3643.000000 
50.011317 3619.000000 
50.037566 3643.000000 
50.063815 3744.000000 
50.090064 3600.000000 
50.116313 3635.000000 
50.142563 3680.000000 
50.168812 3682.000000 
50.195061 3603.000000 
50.221310 3581.000000 
50.247559 3584.000000 
50.273808 3876.000000 
50.300057 3877.000000 
50.326306 3614.000000 
50.352555 3646.000000 
50.378804 3666.000000 
50.405053 3709.000000 
50.431302 3550.000000 
50.457551 3634.000000 
50.483800 3688.000000 
50.510050 3726.000000 
50.536299 3710.000000 
50.562548 3574.000000 
50.588797 3591.000000 
50.615046 3670.000000 
50.641295 3644.000000 
50.667544 3667.000000 
50.693793 3645.000000 
50.720042 3683.000000 
50.746291 3696.000000 
50.772540 3629.000000 
50.798789 3648.000000 
50.825038 3503.000000 
50.851288 3681.000000 
50.877537 3655.000000 
50.903786 3631.000000 
50.930035 3618.000000 
50.956284 3520.000000 
50.982533 3742.000000 
51.008782 3707.000000 
51.035031 3710.000000 
51.061280 3682.000000 
51.087529 3728.000000 
51.113778 3672.000000 
51.140027 3725.000000 
51.166276 3641.000000 
51.192525 3627.000000 
51.218775 3685.000000 
51.245024 3579.000000 
51.271273 3671.000000 
51.297522 3624.000000 
51.323771 3693.000000 
51.350020 3657.000000 
51.376269 3708.000000 
51.402518 3717.000000 
51.428767 3684.000000 
51.455016 3563.000000 
51.481265 3653.000000 
51.507514 3571.000000 
51.533763 3699.000000 
51.560012 3654.000000 
51.586262 3738.000000 
51.612511 3618.000000 
51.638760 3683.000000 
51.665009 3641.000000 
51.691258 3657.000000 
51.717507 3703.000000 
51.743756 3664.000000 
51.770005 3709.000000 
51.796254 3607.000000 
51.822503 3632.000000 
51.848752 3614.000000 
51.875001 3755.000000 
51.901250 3652.000000 
51.927499 3716.000000 
51.953749 3661.000000 
51.979998 3741.000000 
52.006247 3707.000000 
52.032496 3688.000000 
52.058745 3638.000000 
52.084994 3791.000000 
52.111243 3659.000000 
52.137492 3680.000000 
52.163741 3643.000000 
52.189990 3652.000000 
52.216239 3586.000000 
52.242488 3699.000000 
52.268737 3605.000000 
52.294987 3735.000000 
52.321236 3635.000000 
52.347485 3639.000000 
52.373734 3793.000000 
52.399983 3626.000000 
52.426232 3628.000000 
52.452481 3690.000000 
52.478730 3656.000000 
52.504979 3631.000000 
52.531228 3642.000000 
52.557477 3714.000000 
52.583726 3605.000000 
52.609975 3763.000000 
52.636224 3612.000000 
52.662474 3645.000000 
52.688723 3665.000000 
52.714972 3791.000000 
52.741221 3724.000000 
52.767470 3657.000000 
52.793719 3817.000000 
52.819968 3719.000000 
52.846217 3734.000000 
52.872466 3651.000000 
52.898715 3781.000000 
52.924964 3653.000000 
52.951213 3725.000000 
52.977462 3712.000000 
53.003711 3639.000000 
53.029961 3767.000000 
53.056210 3739.000000 
53.082459 3714.000000 
53.108708 3662.000000 
53.134957 3691.000000 
53.161206 3706.000000 
53.187455 3707.000000 
53.213704 3748.000000 
53.239953 3643.000000 
53.266202 3667.000000 
53.292451 3634.000000 
53.318700 3765.000000 
53.344949 3786.000000 
53.371198 3804.000000 
53.397448 3707.000000 
53.423697 3777.000000 
53.449946 3857.000000 
53.476195 3814.000000 
53.502444 3899.000000 
53.528693 4029.000000 
53.554942 4076.000000 
53.581191 4148.000000 
53.607440 4148.000000 
53.633689 4123.000000 
53.659938 3998.000000 
53.686187 4000.000000 
53.712436 3993.000000 
53.738686 3971.000000 
53.764935 3936.000000 
53.791184 3857.000000 
53.817433 3804.000000 
53.843682 3880.000000 
53.869931 3909.000000 
53.896180 3691.000000 
53.922429 3668.000000 
53.948678 3858.000000 
53.974927 3675.000000 
54.001176 3844.000000 
54.027425 3737.000000 
54.053674 3801.000000 
54.079923 3774.000000 
54.106173 3767.000000 
54.132422 3865.000000 
54.158671 3788.000000 
54.184920 3782.000000 
54.211169 3687.000000 
54.237418 3730.000000 
54.263667 3770.000000 
54.289916 3775.000000 
54.316165 3727.000000 
54.342414 3796.000000 
54.368663 3780.000000 
54.394912 3768.000000 
54.421161 3730.000000 
54.447410 3699.000000 
54.473660 3724.000000 
54.499909 3763.000000 
54.526158 3798.000000 
54.552407 3802.000000 
54.578656 3725.000000 
54.604905 3762.000000 
54.631154 3640.000000 
54.657403 3759.000000 
54.683652 3809.000000 
54.709901 3602.000000 
54.736150 3807.000000 
54.762399 3712.000000 
54.788648 3815.000000 
54.814897 3603.000000 
54.841147 3706.000000 
54.867396 3718.000000 
54.893645 3682.000000 
54.919894 3719.000000 
54.946143 3674.000000 
54.972392 3662.000000 
54.998641 3754.000000 
55.024890 3694.000000 
55.051139 3911.000000 
55.077388 3697.000000 
55.103637 3804.000000 
55.129886 3827.000000 
55.156135 3685.000000 
55.182385 3753.000000 
55.208634 3737.000000 
55.234883 3797.000000 
55.261132 3784.000000 
55.287381 3827.000000 
55.313630 3761.000000 
55.339879 3767.000000 
55.366128 3657.000000 
55.392377 3787.000000 
55.418626 3701.000000 
55.444875 3686.000000 
55.471124 3865.000000 
55.497373 3761.000000 
55.523622 3723.000000 
55.549872 3818.000000 
55.576121 3800.000000 
55.602370 3673.000000 
55.628619 3823.000000 
55.654868 3774.000000 
55.681117 3818.000000 
55.707366 3695.000000 
55.733615 3836.000000 
55.759864 3823.000000 
55.786113 3770.000000 
55.812362 3780.000000 
55.838611 3794.000000 
55.864860 3751.000000 
55.891109 3760.000000 
55.917359 3713.000000 
55.943608 3833.000000 
55.969857 3802.000000 
55.996106 3776.000000 
56.022355 3731.000000 
56.048604 3886.000000 
56.074853 3785.000000 
56.101102 3814.000000 
56.127351 3733.000000 
56.153600 3751.000000 
56.179849 3782.000000 
56.206098 3872.000000 
56.232347 3821.000000 
56.258596 3843.000000 
56.284846 3766.000000 
56.311095 3764.000000 
56.337344 3790.000000 
56.363593 3796.000000 
56.389842 3661.000000 
56.416091 3874.000000 
56.442340 3802.000000 
56.468589 3684.000000 
56.494838 3778.000000 
56.521087 3835.000000 
56.547336 3717.000000 
56.573585 3770.000000 
56.599834 3722.000000 
56.626084 3703.000000 
56.652333 3832.000000 
56.678582 3823.000000 
56.704831 3925.000000 
56.731080 3864.000000 
56.757329 3840.000000 
56.783578 3921.000000 
56.809827 3886.000000 
56.836076 3840.000000 
56.862325 3839.000000 
56.888574 3838.000000 
56.914823 3920.000000 
56.941072 3951.000000 
56.967321 4031.000000 
56.993571 4171.000000 
57.019820 4350.000000 
57.046069 4696.000000 
57.072318 4638.000000 
57.098567 4876.000000 
57.124816 4851.000000 
57.151065 4837.000000 
57.177314 4882.000000 
57.203563 4803.000000 
57.229812 4741.000000 
57.256061 4601.000000 
57.282310 4401.000000 
57.308559 4378.000000 
57.334808 4287.000000 
57.361058 4275.000000 
57.387307 4269.000000 
57.413556 4079.000000 
57.439805 3988.000000 
57.466054 3954.000000 
57.492303 3861.000000 
57.518552 3901.000000 
57.544801 3859.000000 
57.571050 3977.000000 
57.597299 3720.000000 
57.623548 3797.000000 
57.649797 3884.000000 
57.676046 3905.000000 
57.702295 3825.000000 
57.728545 3880.000000 
57.754794 3784.000000 
57.781043 3813.000000 
57.807292 3874.000000 
57.833541 3837.000000 
57.859790 3979.000000 
57.886039 3912.000000 
57.912288 3747.000000 
57.938537 3787.000000 
57.964786 3815.000000 
57.991035 3771.000000 
58.017284 3807.000000 
58.043533 3804.000000 
58.069783 3939.000000 
58.096032 3900.000000 
58.122281 3814.000000 
58.148530 3888.000000 
58.174779 3912.000000 
58.201028 3881.000000 
58.227277 3815.000000 
58.253526 3780.000000 
58.279775 3875.000000 
58.306024 3936.000000 
58.332273 3878.000000 
58.358522 3807.000000 
58.384771 3796.000000 
58.411020 3935.000000 
58.437270 3942.000000 
58.463519 3851.000000 
58.489768 3819.000000 
58.516017 3910.000000 
58.542266 3881.000000 
58.568515 3840.000000 
58.594764 3790.000000 
58.621013 3813.000000 
58.647262 3887.000000 
58.673511 3875.000000 
58.699760 3875.000000 
58.726009 3817.000000 
58.752258 3689.000000 
58.778507 3833.000000 
58.804757 3836.000000 
58.831006 3863.000000 
58.857255 3759.000000 
58.883504 3722.000000 
58.909753 3815.000000 
58.936002 3795.000000 
58.962251 3879.000000 
58.988500 3801.000000 
59.014749 3829.000000 
59.040998 3783.000000 
59.067247 3873.000000 
59.093496 3773.000000 
59.119745 3783.000000 
59.145994 3892.000000 
59.172244 3950.000000 
59.198493 3794.000000 
59.224742 3842.000000 
59.250991 3742.000000 
59.277240 3867.000000 
59.303489 3938.000000 
59.329738 3788.000000 
59.355987 3926.000000 
59.382236 3779.000000 
59.408485 3866.000000 
59.434734 3900.000000 
59.460983 3765.000000 
59.487232 3871.000000 
59.513482 3855.000000 
59.539731 3820.000000 
59.565980 3991.000000 
59.592229 3800.000000 
59.618478 3854.000000 
59.644727 3713.000000 
59.670976 3779.000000 
59.697225 3745.000000 
59.723474 3775.000000 
59.749723 3978.000000 
59.775972 3824.000000 
59.802221 3753.000000 
59.828470 3836.000000 
59.854719 3919.000000 
59.880969 3949.000000 
59.907218 3890.000000 
59.933467 3910.000000 
59.959716 3935.000000 
59.985965 3783.000000 
60.012214 4070.000000 
60.038463 3968.000000 
60.064712 3882.000000 
60.090961 3780.000000 
60.117210 3886.000000 
60.143459 3978.000000 
60.169708 3727.000000 
60.195957 3933.000000 
60.222206 3870.000000 
60.248456 3750.000000 
60.274705 3928.000000 
60.300954 3878.000000 
60.327203 3821.000000 
60.353452 3792.000000 
60.379701 3849.000000 
60.405950 3838.000000 
60.432199 3933.000000 
60.458448 3897.000000 
60.484697 3862.000000 
60.510946 3847.000000 
60.537195 3888.000000 
60.563444 3881.000000 
60.589693 3922.000000 
60.615943 3866.000000 
60.642192 3892.000000 
60.668441 3813.000000 
60.694690 3907.000000 
60.720939 3913.000000 
60.747188 3906.000000 
60.773437 3936.000000 
60.799686 3914.000000 
60.825935 3808.000000 
60.852184 3816.000000 
60.878433 3861.000000 
60.904682 3814.000000 
60.930931 3830.000000 
60.957181 3935.000000 
60.983430 3842.000000 
61.009679 3874.000000 
61.035928 3789.000000 
61.062177 3901.000000 
61.088426 3751.000000 
61.114675 3886.000000 
61.140924 3872.000000 
61.167173 3798.000000 
61.193422 3859.000000 
61.219671 3954.000000 
61.245920 3861.000000 
61.272169 3868.000000 
61.298418 3815.000000 
61.324668 3872.000000 
61.350917 3877.000000 
61.377166 3963.000000 
61.403415 3795.000000 
61.429664 3793.000000 
61.455913 3899.000000 
61.482162 3851.000000 
61.508411 3831.000000 
61.534660 3859.000000 
61.560909 3857.000000 
61.587158 3824.000000 
61.613407 3909.000000 
61.639656 3786.000000 
61.665905 4027.000000 
61.692155 3856.000000 
61.718404 3889.000000 
61.744653 3906.000000 
61.770902 3869.000000 
61.797151 3837.000000 
61.823400 3909.000000 
61.849649 3834.000000 
61.875898 3947.000000 
61.902147 3855.000000 
61.928396 3966.000000 
61.954645 3805.000000 
61.980894 3801.000000 
62.007143 3901.000000 
62.033393 3863.000000 
62.059642 3820.000000 
62.085891 3801.000000 
62.112140 3800.000000 
62.138389 3670.000000 
62.164638 3839.000000 
62.190887 3891.000000 
62.217136 3900.000000 
62.243385 3897.000000 
62.269634 3902.000000 
62.295883 3926.000000 
62.322132 3805.000000 
62.348381 3947.000000 
62.374630 3937.000000 
62.400880 3934.000000 
62.427129 3986.000000 
62.453378 3969.000000 
62.479627 4081.000000 
62.505876 4100.000000 
62.532125 4308.000000 
62.558374 4467.000000 
62.584623 4623.000000 
62.610872 4759.000000 
62.637121 5108.000000 
62.663370 5081.000000 
62.689619 5146.000000 
62.715868 5310.000000 
62.742117 5167.000000 
62.768367 5042.000000 
62.794616 5048.000000 
62.820865 4849.000000 
62.847114 4963.000000 
62.873363 4870.000000 
62.899612 4639.000000 
62.925861 4593.000000 
62.952110 4547.000000 
62.978359 4412.000000 
63.004608 4165.000000 
63.030857 4134.000000 
63.057106 4134.000000 
63.083355 4177.000000 
63.109604 4001.000000 
63.135854 3989.000000 
63.162103 4022.000000 
63.188352 3951.000000 
63.214601 3921.000000 
63.240850 4085.000000 
63.267099 3970.000000 
63.293348 3827.000000 
63.319597 3918.000000 
63.345846 3965.000000 
63.372095 3963.000000 
63.398344 4015.000000 
63.424593 3864.000000 
63.450842 3839.000000 
63.477092 3921.000000 
63.503341 3986.000000 
63.529590 4057.000000 
63.555839 3825.000000 
63.582088 3881.000000 
63.608337 3872.000000 
63.634586 3920.000000 
63.660835 3838.000000 
63.687084 3927.000000 
63.713333 3976.000000 
63.739582 3962.000000 
63.765831 3827.000000 
63.792080 3856.000000 
63.818329 3983.000000 
63.844579 3872.000000 
63.870828 3796.000000 
63.897077 3853.000000 
63.923326 3919.000000 
63.949575 3786.000000 
63.975824 3806.000000 
64.002073 3764.000000 
64.028322 3984.000000 
64.054571 4012.000000 
64.080820 3949.000000 
64.107069 4018.000000 
64.133318 3999.000000 
64.159567 4011.000000 
64.185816 3945.000000 
64.212066 4063.000000 
64.238315 3965.000000 
64.264564 3924.000000 
64.290813 3893.000000 
64.317062 3872.000000 
64.343311 4124.000000 
64.369560 3993.000000 
64.395809 3925.000000 
64.422058 4000.000000 
64.448307 3920.000000 
64.474556 3803.000000 
64.500805 3960.000000 
64.527054 3867.000000 
64.553303 3871.000000 
64.579553 3769.000000 
64.605802 3945.000000 
64.632051 3976.000000 
64.658300 4034.000000 
64.684549 3905.000000 
64.710798 3883.000000 
64.737047 3956.000000 
64.763296 3936.000000 
64.789545 4107.000000 
64.815794 3824.000000 
64.842043 3958.000000 
64.868292 4012.000000 
64.894541 3934.000000 
64.920791 3889.000000 
64.947040 3906.000000 
64.973289 3840.000000 
64.999538 3816.000000 
65.025787 3944.000000 
65.052036 3915.000000 
65.078285 3889.000000 
65.104534 3802.000000 
65.130783 3934.000000 
65.157032 3919.000000 
65.183281 3961.000000 
65.209530 4052.000000 
65.235779 3817.000000 
65.262028 3935.000000 
65.288278 3744.000000 
65.314527 3919.000000 
65.340776 3807.000000 
65.367025 3944.000000 
65.393274 3939.000000 
65.419523 3907.000000 
65.445772 3926.000000 
65.472021 3815.000000 
65.498270 3992.000000 
65.524519 3975.000000 
65.550768 3995.000000 
65.577017 3848.000000 
65.603266 3899.000000 
65.629515 3973.000000 
65.655765 3953.000000 
65.682014 3958.000000 
65.708263 3963.000000 
65.734512 3948.000000 
65.760761 3877.000000 
65.787010 3864.000000 
65.813259 4032.000000 
65.839508 3957.000000 
65.865757 3874.000000 
65.892006 4094.000000 
65.918255 3913.000000 
65.944504 3995.000000 
65.970753 3986.000000 
65.997002 3903.000000 
66.023252 3883.000000 
66.049501 4061.000000 
66.075750 3951.000000 
66.101999 3968.000000 
66.128248 3953.000000 
66.154497 3995.000000 
66.180746 3991.000000 
66.206995 4060.000000 
66.233244 3936.000000 
66.259493 4118.000000 
66.285742 3906.000000 
66.311991 4016.000000 
66.338240 3977.000000 
66.364490 3805.000000 
66.390739 3945.000000 
66.416988 3947.000000 
66.443237 3950.000000 
66.469486 3932.000000 
66.495735 3911.000000 
66.521984 3936.000000 
66.548233 3916.000000 
66.574482 3905.000000 
66.600731 3877.000000 
66.626980 4008.000000 
66.653229 3866.000000 
66.679478 3817.000000 
66.705727 3917.000000 
66.731977 4003.000000 
66.758226 3970.000000 
66.784475 4019.000000 
66.810724 3949.000000 
66.836973 4030.000000 
66.863222 3957.000000 
66.889471 3871.000000 
66.915720 3962.000000 
66.941969 3977.000000 
66.968218 3898.000000 
66.994467 3935.000000 
67.020716 3922.000000 
67.046965 3900.000000 
67.073214 3887.000000 
67.099464 3960.000000 
67.125713 3890.000000 
67.151962 3870.000000 
67.178211 3932.000000 
67.204460 3916.000000 
67.230709 3888.000000 
67.256958 4026.000000 
67.283207 4001.000000 
67.309456 3904.000000 
67.335705 3883.000000 
67.361954 3897.000000 
67.388203 3960.000000 
67.414452 4001.000000 
67.440701 4039.000000 
67.466951 3881.000000 
67.493200 3930.000000 
67.519449 3953.000000 
67.545698 3955.000000 
67.571947 3929.000000 
67.598196 4027.000000 
67.624445 3937.000000 
67.650694 3958.000000 
67.676943 3962.000000 
67.703192 3938.000000 
67.729441 3957.000000 
67.755690 3985.000000 
67.781939 4142.000000 
67.808189 3956.000000 
67.834438 3998.000000 
67.860687 4003.000000 
67.886936 4077.000000 
67.913185 3902.000000 
67.939434 3971.000000 
67.965683 4036.000000 
67.991932 3972.000000 
68.018181 3912.000000 
68.044430 3884.000000 
68.070679 3898.000000 
68.096928 4035.000000 
68.123177 3993.000000 
68.149426 3977.000000 
68.175676 3966.000000 
68.201925 4037.000000 
68.228174 3997.000000 
68.254423 4022.000000 
68.280672 4037.000000 
68.306921 4091.000000 
68.333170 3905.000000 
68.359419 3995.000000 
68.385668 4035.000000 
68.411917 4032.000000 
68.438166 4033.000000 
68.464415 3960.000000 
68.490664 3943.000000 
68.516913 3961.000000 
68.543163 3990.000000 
68.569412 3997.000000 
68.595661 4032.000000 
68.621910 4007.000000 
68.648159 3982.000000 
68.674408 3998.000000 
68.700657 3970.000000 
68.726906 3982.000000 
68.753155 4014.000000 
68.779404 3901.000000 
68.805653 4053.000000 
68.831902 3942.000000 
68.858151 3973.000000 
68.884400 4065.000000 
68.910650 4006.000000 
68.936899 3950.000000 
68.963148 4025.000000 
68.989397 3939.000000 
69.015646 4110.000000 
69.041895 3994.000000 
69.068144 3916.000000 
69.094393 3963.000000 
69.120642 3999.000000 
69.146891 3964.000000 
69.173140 4032.000000 
69.199389 4037.000000 
69.225638 4138.000000 
69.251888 3982.000000 
69.278137 4051.000000 
69.304386 3851.000000 
69.330635 4040.000000 
69.356884 3970.000000 
69.383133 4101.000000 
69.409382 4007.000000 
69.435631 3970.000000 
69.461880 3968.000000 
69.488129 4166.000000 
69.514378 3942.000000 
69.540627 4063.000000 
69.566876 3986.000000 
69.593125 4013.000000 
69.619375 3945.000000 
69.645624 3960.000000 
69.671873 4035.000000 
69.698122 3888.000000 
69.724371 3972.000000 
69.750620 3945.000000 
69.776869 4035.000000 
69.803118 3810.000000 
69.829367 3914.000000 
69.855616 4152.000000 
69.881865 3997.000000 
69.908114 3986.000000 
69.934363 4033.000000 
69.960612 3965.000000 
