10.007730 5039.000000 
10.033979 5043.000000 
10.060228 5041.000000 
10.086477 4897.000000 
10.112727 5115.000000 
10.138976 4986.000000 
10.165225 5018.000000 
10.191474 5040.000000 
10.217723 5049.000000 
10.243972 5107.000000 
10.270221 4985.000000 
10.296470 5096.000000 
10.322719 5079.000000 
10.348968 5013.000000 
10.375217 5093.000000 
10.401466 5122.000000 
10.427715 4958.000000 
10.453965 4967.000000 
10.480214 5094.000000 
10.506463 5076.000000 
10.532712 4921.000000 
10.558961 5177.000000 
10.585210 4985.000000 
10.611459 5006.000000 
10.637708 5171.000000 
10.663957 5196.000000 
10.690206 5131.000000 
10.716455 5029.000000 
10.742704 5049.000000 
10.768953 5077.000000 
10.795202 5003.000000 
10.821452 5111.000000 
10.847701 5024.000000 
10.873950 5124.000000 
10.900199 5092.000000 
10.926448 5030.000000 
10.952697 5100.000000 
10.978946 5240.000000 
11.005195 5117.000000 
11.031444 5182.000000 
11.057693 5181.000000 
11.083942 5087.000000 
11.110191 5021.000000 
11.136440 5120.000000 
11.162689 5113.000000 
11.188939 5155.000000 
11.215188 5227.000000 
11.241437 5154.000000 
11.267686 5046.000000 
11.293935 4998.000000 
11.320184 5055.000000 
11.346433 5223.000000 
11.372682 4993.000000 
11.398931 4969.000000 
11.425180 5119.000000 
11.451429 5165.000000 
11.477678 5098.000000 
11.503927 5253.000000 
11.530177 5187.000000 
11.556426 5184.000000 
11.582675 5104.000000 
11.608924 5054.000000 
11.635173 5210.000000 
11.661422 5066.000000 
11.687671 5092.000000 
11.713920 5138.000000 
11.740169 5226.000000 
11.766418 5076.000000 
11.792667 5245.000000 
11.818916 5298.000000 
11.845165 5172.000000 
11.871414 5245.000000 
11.897664 5203.000000 
11.923913 5103.000000 
11.950162 5168.000000 
11.976411 5165.000000 
12.002660 5341.000000 
12.028909 5191.000000 
12.055158 5176.000000 
12.081407 5286.000000 
12.107656 5219.000000 
12.133905 5195.000000 
12.160154 5159.000000 
12.186403 5210.000000 
12.212652 5137.000000 
12.238901 5084.000000 
12.265151 5265.000000 
12.291400 5206.000000 
12.317649 5206.000000 
12.343898 5250.000000 
12.370147 5459.000000 
12.396396 5074.000000 
12.422645 5142.000000 
12.448894 5309.000000 
12.475143 5240.000000 
12.501392 5321.000000 
12.527641 5198.000000 
12.553890 5261.000000 
12.580139 5163.000000 
12.606388 5336.000000 
12.632638 5217.000000 
12.658887 5236.000000 
12.685136 5225.000000 
12.711385 5217.000000 
12.737634 5201.000000 
12.763883 5145.000000 
12.790132 5173.000000 
12.816381 5197.000000 
12.842630 5386.000000 
12.868879 5532.000000 
12.895128 5571.000000 
12.921377 5352.000000 
12.947626 5185.000000 
12.973876 5203.000000 
13.000125 5255.000000 
13.026374 5151.000000 
13.052623 5077.000000 
13.078872 5149.000000 
13.105121 5299.000000 
13.131370 5261.000000 
13.157619 5279.000000 
13.183868 5239.000000 
13.210117 5277.000000 
13.236366 5160.000000 
13.262615 5300.000000 
13.288864 5198.000000 
13.315113 5364.000000 
13.341363 5129.000000 
13.367612 5289.000000 
13.393861 5359.000000 
13.420110 5388.000000 
13.446359 5326.000000 
13.472608 5325.000000 
13.498857 5332.000000 
13.525106 5214.000000 
13.551355 5325.000000 
13.577604 5312.000000 
13.603853 5253.000000 
13.630102 5348.000000 
13.656351 5318.000000 
13.682600 5306.000000 
13.708850 5323.000000 
13.735099 5051.000000 
13.761348 5215.000000 
13.787597 5309.000000 
13.813846 5233.000000 
13.840095 5251.000000 
13.866344 5239.000000 
13.892593 5245.000000 
13.918842 5302.000000 
13.945091 5412.000000 
13.971340 5328.000000 
13.997589 5096.000000 
14.023838 5229.000000 
14.050087 5286.000000 
14.076337 5155.000000 
14.102586 5233.000000 
14.128835 5201.000000 
14.155084 5130.000000 
14.181333 5273.000000 
14.207582 5317.000000 
14.233831 5175.000000 
14.260080 5342.000000 
14.286329 5149.000000 
14.312578 5165.000000 
14.338827 5210.000000 
14.365076 5280.000000 
14.391325 5241.000000 
14.417575 5264.000000 
14.443824 5196.000000 
14.470073 5200.000000 
14.496322 5204.000000 
14.522571 5191.000000 
14.548820 5336.000000 
14.575069 5392.000000 
14.601318 5318.000000 
14.627567 5370.000000 
14.653816 5379.000000 
14.680065 5320.000000 
14.706314 5385.000000 
14.732563 5273.000000 
14.758812 5309.000000 
14.785062 5261.000000 
14.811311 5329.000000 
14.837560 5384.000000 
14.863809 5346.000000 
14.890058 5285.000000 
14.916307 5290.000000 
14.942556 5253.000000 
14.968805 5282.000000 
14.995054 5284.000000 
15.021303 5478.000000 
15.047552 5414.000000 
15.073801 5214.000000 
15.100050 5474.000000 
15.126299 5223.000000 
15.152549 5242.000000 
15.178798 5424.000000 
15.205047 5384.000000 
15.231296 5313.000000 
15.257545 5235.000000 
15.283794 5282.000000 
15.310043 5303.000000 
15.336292 5304.000000 
15.362541 5255.000000 
15.388790 5375.000000 
15.415039 5360.000000 
15.441288 5240.000000 
15.467537 5355.000000 
15.493786 5307.000000 
15.520036 5399.000000 
15.546285 5147.000000 
15.572534 5202.000000 
15.598783 5250.000000 
15.625032 5230.000000 
15.651281 5301.000000 
15.677530 5310.000000 
15.703779 5382.000000 
15.730028 5368.000000 
15.756277 5370.000000 
15.782526 5414.000000 
15.808775 5331.000000 
15.835024 5335.000000 
15.861274 5352.000000 
15.887523 5305.000000 
15.913772 5207.000000 
15.940021 5265.000000 
15.966270 5439.000000 
15.992519 5200.000000 
16.018768 5442.000000 
16.045017 5307.000000 
16.071266 5230.000000 
16.097515 5256.000000 
16.123764 5169.000000 
16.150013 5287.000000 
16.176262 5343.000000 
16.202511 5222.000000 
16.228761 5157.000000 
16.255010 5197.000000 
16.281259 5217.000000 
16.307508 5416.000000 
16.333757 5241.000000 
16.360006 5244.000000 
16.386255 5350.000000 
16.412504 5372.000000 
16.438753 5272.000000 
16.465002 5278.000000 
16.491251 5288.000000 
16.517500 5279.000000 
16.543749 5420.000000 
16.569998 5235.000000 
16.596248 5237.000000 
16.622497 5381.000000 
16.648746 5288.000000 
16.674995 5364.000000 
16.701244 5195.000000 
16.727493 5225.000000 
16.753742 5409.000000 
16.779991 5413.000000 
16.806240 5281.000000 
16.832489 5356.000000 
16.858738 5345.000000 
16.884987 5413.000000 
16.911236 5446.000000 
16.937485 5257.000000 
16.963735 5340.000000 
16.989984 5461.000000 
17.016233 5260.000000 
17.042482 5364.000000 
17.068731 5330.000000 
17.094980 5218.000000 
17.121229 5218.000000 
17.147478 5363.000000 
17.173727 5226.000000 
17.199976 5334.000000 
17.226225 5340.000000 
17.252474 5374.000000 
17.278723 5424.000000 
17.304973 5199.000000 
17.331222 5391.000000 
17.357471 5310.000000 
17.383720 5213.000000 
17.409969 5550.000000 
17.436218 5351.000000 
17.462467 5296.000000 
17.488716 5235.000000 
17.514965 5383.000000 
17.541214 5322.000000 
17.567463 5273.000000 
17.593712 5331.000000 
17.619961 5353.000000 
17.646210 5390.000000 
17.672460 5420.000000 
17.698709 5368.000000 
17.724958 5431.000000 
17.751207 5273.000000 
17.777456 5189.000000 
17.803705 5174.000000 
17.829954 5312.000000 
17.856203 5338.000000 
17.882452 5406.000000 
17.908701 5337.000000 
17.934950 5479.000000 
17.961199 5421.000000 
17.987448 5419.000000 
18.013697 5303.000000 
18.039947 5210.000000 
18.066196 5254.000000 
18.092445 5284.000000 
18.118694 5295.000000 
18.144943 5318.000000 
18.171192 5430.000000 
18.197441 5439.000000 
18.223690 5476.000000 
18.249939 5515.000000 
18.276188 5466.000000 
18.302437 5356.000000 
18.328686 5526.000000 
18.354935 5685.000000 
18.381184 5977.000000 
18.407434 5951.000000 
18.433683 6102.000000 
18.459932 6029.000000 
18.486181 5607.000000 
18.512430 5618.000000 
18.538679 5432.000000 
18.564928 5318.000000 
18.591177 5362.000000 
18.617426 5380.000000 
18.643675 5216.000000 
18.669924 5329.000000 
18.696173 5263.000000 
18.722422 5193.000000 
18.748672 5351.000000 
18.774921 5336.000000 
18.801170 5313.000000 
18.827419 5328.000000 
18.853668 5381.000000 
18.879917 5323.000000 
18.906166 5264.000000 
18.932415 5228.000000 
18.958664 5294.000000 
18.984913 5324.000000 
19.011162 5198.000000 
19.037411 5292.000000 
19.063660 5403.000000 
19.089909 5395.000000 
19.116159 5340.000000 
19.142408 5302.000000 
19.168657 5410.000000 
19.194906 5367.000000 
19.221155 5278.000000 
19.247404 5179.000000 
19.273653 5250.000000 
19.299902 5302.000000 
19.326151 5320.000000 
19.352400 5282.000000 
19.378649 5400.000000 
19.404898 5260.000000 
19.431147 5341.000000 
19.457396 5170.000000 
19.483646 5188.000000 
19.509895 5240.000000 
19.536144 5312.000000 
19.562393 5161.000000 
19.588642 5371.000000 
19.614891 5401.000000 
19.641140 5347.000000 
19.667389 5299.000000 
19.693638 5349.000000 
19.719887 5259.000000 
19.746136 5136.000000 
19.772385 5332.000000 
19.798634 5255.000000 
19.824883 5077.000000 
19.851133 5184.000000 
19.877382 5198.000000 
19.903631 5347.000000 
19.929880 5203.000000 
19.956129 5193.000000 
19.982378 5230.000000 
20.008627 5242.000000 
20.034876 5350.000000 
20.061125 5279.000000 
20.087374 5368.000000 
20.113623 5245.000000 
20.139872 5212.000000 
20.166121 5301.000000 
20.192371 5235.000000 
20.218620 5264.000000 
20.244869 5299.000000 
20.271118 5279.000000 
20.297367 5311.000000 
20.323616 5285.000000 
20.349865 5233.000000 
20.376114 5183.000000 
20.402363 5183.000000 
20.428612 5263.000000 
20.454861 5239.000000 
20.481110 5253.000000 
20.507359 5321.000000 
20.533608 5141.000000 
20.559858 5248.000000 
20.586107 5310.000000 
20.612356 5306.000000 
20.638605 5136.000000 
20.664854 5190.000000 
20.691103 5226.000000 
20.717352 5343.000000 
20.743601 5239.000000 
20.769850 5322.000000 
20.796099 5258.000000 
20.822348 5212.000000 
20.848597 5295.000000 
20.874846 5177.000000 
20.901095 5298.000000 
20.927345 5230.000000 
20.953594 5330.000000 
20.979843 5333.000000 
21.006092 5297.000000 
21.032341 5228.000000 
21.058590 5351.000000 
21.084839 5178.000000 
21.111088 5187.000000 
21.137337 5097.000000 
21.163586 5223.000000 
21.189835 5180.000000 
21.216084 5173.000000 
21.242333 5359.000000 
21.268582 5269.000000 
21.294832 5248.000000 
21.321081 5308.000000 
21.347330 5279.000000 
21.373579 5159.000000 
21.399828 5231.000000 
21.426077 5202.000000 
21.452326 5068.000000 
21.478575 5331.000000 
21.504824 5156.000000 
21.531073 5313.000000 
21.557322 5217.000000 
21.583571 5368.000000 
21.609820 5252.000000 
21.636070 5251.000000 
21.662319 5206.000000 
21.688568 5193.000000 
21.714817 5112.000000 
21.741066 5224.000000 
21.767315 5224.000000 
21.793564 5196.000000 
21.819813 5207.000000 
21.846062 5170.000000 
21.872311 5109.000000 
21.898560 5131.000000 
21.924809 5129.000000 
21.951058 5123.000000 
21.977307 5210.000000 
22.003557 5101.000000 
22.029806 5237.000000 
22.056055 5235.000000 
22.082304 5166.000000 
22.108553 5118.000000 
22.134802 5212.000000 
22.161051 5075.000000 
22.187300 5156.000000 
22.213549 5287.000000 
22.239798 5134.000000 
22.266047 5299.000000 
22.292296 5244.000000 
22.318545 5144.000000 
22.344794 5244.000000 
22.371044 5082.000000 
22.397293 5274.000000 
22.423542 5150.000000 
22.449791 5163.000000 
22.476040 5205.000000 
22.502289 5284.000000 
22.528538 5194.000000 
22.554787 5154.000000 
22.581036 5176.000000 
22.607285 5193.000000 
22.633534 5100.000000 
22.659783 5171.000000 
22.686032 5284.000000 
22.712281 5081.000000 
22.738531 5233.000000 
22.764780 5234.000000 
22.791029 5158.000000 
22.817278 5093.000000 
22.843527 5202.000000 
22.869776 5270.000000 
22.896025 5100.000000 
22.922274 5228.000000 
22.948523 5095.000000 
22.974772 5190.000000 
23.001021 5127.000000 
23.027270 5221.000000 
23.053519 5112.000000 
23.079769 5150.000000 
23.106018 5320.000000 
23.132267 5174.000000 
23.158516 5223.000000 
23.184765 5113.000000 
23.211014 5168.000000 
23.237263 5110.000000 
23.263512 5123.000000 
23.289761 5202.000000 
23.316010 5143.000000 
23.342259 5048.000000 
23.368508 5178.000000 
23.394757 4992.000000 
23.421006 5286.000000 
23.447256 5324.000000 
23.473505 5278.000000 
23.499754 5244.000000 
23.526003 5181.000000 
23.552252 5060.000000 
23.578501 5116.000000 
23.604750 5191.000000 
23.630999 5145.000000 
23.657248 5183.000000 
23.683497 5150.000000 
23.709746 5143.000000 
23.735995 5209.000000 
23.762244 5210.000000 
23.788493 5278.000000 
23.814743 5207.000000 
23.840992 5304.000000 
23.867241 5148.000000 
23.893490 5230.000000 
23.919739 5202.000000 
23.945988 5145.000000 
23.972237 5187.000000 
23.998486 5040.000000 
24.024735 5177.000000 
24.050984 5239.000000 
24.077233 5261.000000 
24.103482 5203.000000 
24.129731 5251.000000 
24.155981 5200.000000 
24.182230 5241.000000 
24.208479 5341.000000 
24.234728 5185.000000 
24.260977 5324.000000 
24.287226 5375.000000 
24.313475 5245.000000 
24.339724 5207.000000 
24.365973 5190.000000 
24.392222 5344.000000 
24.418471 5115.000000 
24.444720 5173.000000 
24.470969 5275.000000 
24.497218 5171.000000 
24.523468 5101.000000 
24.549717 5245.000000 
24.575966 5114.000000 
24.602215 5097.000000 
24.628464 5123.000000 
24.654713 5157.000000 
24.680962 5258.000000 
24.707211 5221.000000 
24.733460 5124.000000 
24.759709 5226.000000 
24.785958 5104.000000 
24.812207 5239.000000 
24.838456 5250.000000 
24.864705 5279.000000 
24.890955 5040.000000 
24.917204 5209.000000 
24.943453 5144.000000 
24.969702 5168.000000 
24.995951 5172.000000 
25.022200 5232.000000 
25.048449 5229.000000 
25.074698 5239.000000 
25.100947 5275.000000 
25.127196 5220.000000 
25.153445 5135.000000 
25.179694 5202.000000 
25.205943 5257.000000 
25.232192 5180.000000 
25.258442 5199.000000 
25.284691 5193.000000 
25.310940 5041.000000 
25.337189 5067.000000 
25.363438 4998.000000 
25.389687 5284.000000 
25.415936 5264.000000 
25.442185 5119.000000 
25.468434 5124.000000 
25.494683 5195.000000 
25.520932 5130.000000 
25.547181 5111.000000 
25.573430 5030.000000 
25.599680 5239.000000 
25.625929 5183.000000 
25.652178 5252.000000 
25.678427 5153.000000 
25.704676 5256.000000 
25.730925 5303.000000 
25.757174 5295.000000 
25.783423 5341.000000 
25.809672 5221.000000 
25.835921 5188.000000 
25.862170 5272.000000 
25.888419 5294.000000 
25.914668 5189.000000 
25.940917 5192.000000 
25.967167 5240.000000 
25.993416 5133.000000 
26.019665 5168.000000 
26.045914 5241.000000 
26.072163 5321.000000 
26.098412 5050.000000 
26.124661 5139.000000 
26.150910 5083.000000 
26.177159 5150.000000 
26.203408 5055.000000 
26.229657 5188.000000 
26.255906 5190.000000 
26.282155 5166.000000 
26.308404 5259.000000 
26.334654 5226.000000 
26.360903 5346.000000 
26.387152 5256.000000 
26.413401 5063.000000 
26.439650 5176.000000 
26.465899 5363.000000 
26.492148 5279.000000 
26.518397 5111.000000 
26.544646 5148.000000 
26.570895 5142.000000 
26.597144 5220.000000 
26.623393 5347.000000 
26.649642 5338.000000 
26.675891 5243.000000 
26.702141 5283.000000 
26.728390 5424.000000 
26.754639 5486.000000 
26.780888 5380.000000 
26.807137 5398.000000 
26.833386 5273.000000 
26.859635 5193.000000 
26.885884 5110.000000 
26.912133 5236.000000 
26.938382 5049.000000 
26.964631 5257.000000 
26.990880 5046.000000 
27.017129 4993.000000 
27.043379 5218.000000 
27.069628 5024.000000 
27.095877 5088.000000 
27.122126 5227.000000 
27.148375 5242.000000 
27.174624 5045.000000 
27.200873 5066.000000 
27.227122 5180.000000 
27.253371 5265.000000 
27.279620 5098.000000 
27.305869 5123.000000 
27.332118 5241.000000 
27.358367 5147.000000 
27.384616 5213.000000 
27.410866 5187.000000 
27.437115 5118.000000 
27.463364 5204.000000 
27.489613 5216.000000 
27.515862 5117.000000 
27.542111 5219.000000 
27.568360 5266.000000 
27.594609 5046.000000 
27.620858 5128.000000 
27.647107 5267.000000 
27.673356 5198.000000 
27.699605 5040.000000 
27.725854 5248.000000 
27.752103 5031.000000 
27.778353 5232.000000 
27.804602 5058.000000 
27.830851 5253.000000 
27.857100 5050.000000 
27.883349 5115.000000 
27.909598 5230.000000 
27.935847 5108.000000 
27.962096 5059.000000 
27.988345 5143.000000 
28.014594 5166.000000 
28.040843 4991.000000 
28.067092 5234.000000 
28.093341 5127.000000 
28.119590 5184.000000 
28.145840 5079.000000 
28.172089 5109.000000 
28.198338 5004.000000 
28.224587 5100.000000 
28.250836 5176.000000 
28.277085 5159.000000 
28.303334 5227.000000 
28.329583 5006.000000 
28.355832 5126.000000 
28.382081 5192.000000 
28.408330 5253.000000 
28.434579 5019.000000 
28.460828 5190.000000 
28.487078 5071.000000 
28.513327 5285.000000 
28.539576 5056.000000 
28.565825 5127.000000 
28.592074 4980.000000 
28.618323 5148.000000 
28.644572 5213.000000 
28.670821 4999.000000 
28.697070 5159.000000 
28.723319 5073.000000 
28.749568 5255.000000 
28.775817 5160.000000 
28.802066 5127.000000 
28.828315 5135.000000 
28.854565 5087.000000 
28.880814 5216.000000 
28.907063 5107.000000 
28.933312 5128.000000 
28.959561 5102.000000 
28.985810 5068.000000 
29.012059 5243.000000 
29.038308 5219.000000 
29.064557 5092.000000 
29.090806 5127.000000 
29.117055 5026.000000 
29.143304 5124.000000 
29.169553 5191.000000 
29.195802 5080.000000 
29.222052 5104.000000 
29.248301 5288.000000 
29.274550 5134.000000 
29.300799 5317.000000 
29.327048 5081.000000 
29.353297 5057.000000 
29.379546 5157.000000 
29.405795 5211.000000 
29.432044 5241.000000 
29.458293 5070.000000 
29.484542 5023.000000 
29.510791 5111.000000 
29.537040 5099.000000 
29.563289 5204.000000 
29.589539 5190.000000 
29.615788 5032.000000 
29.642037 5187.000000 
29.668286 5078.000000 
29.694535 5033.000000 
29.720784 5127.000000 
29.747033 5050.000000 
29.773282 5155.000000 
29.799531 5112.000000 
29.825780 5131.000000 
29.852029 5167.000000 
29.878278 5206.000000 
29.904527 5135.000000 
29.930777 5197.000000 
29.957026 5324.000000 
29.983275 5255.000000 
30.009524 5209.000000 
30.035773 5330.000000 
30.062022 5443.000000 
30.088271 5637.000000 
30.114520 5864.000000 
30.140769 6218.000000 
30.167018 6594.000000 
30.193267 7434.000000 
30.219516 7583.000000 
30.245765 7171.000000 
30.272014 6694.000000 
30.298264 6436.000000 
30.324513 5993.000000 
30.350762 5678.000000 
30.377011 5372.000000 
30.403260 5382.000000 
30.429509 5248.000000 
30.455758 5232.000000 
30.482007 5132.000000 
30.508256 5123.000000 
30.534505 5118.000000 
30.560754 5100.000000 
30.587003 5137.000000 
30.613252 5029.000000 
30.639501 5040.000000 
30.665751 4974.000000 
30.692000 5238.000000 
30.718249 5054.000000 
30.744498 5192.000000 
30.770747 5120.000000 
30.796996 5106.000000 
30.823245 5039.000000 
30.849494 5150.000000 
30.875743 5075.000000 
30.901992 5031.000000 
30.928241 5057.000000 
30.954490 5078.000000 
30.980739 5130.000000 
31.006988 5069.000000 
31.033238 5072.000000 
31.059487 5003.000000 
31.085736 5091.000000 
31.111985 5175.000000 
31.138234 5008.000000 
31.164483 5137.000000 
31.190732 4984.000000 
31.216981 4908.000000 
31.243230 5026.000000 
31.269479 5025.000000 
31.295728 5126.000000 
31.321977 4891.000000 
31.348226 5201.000000 
31.374476 5080.000000 
31.400725 5146.000000 
31.426974 5063.000000 
31.453223 5085.000000 
31.479472 5077.000000 
31.505721 5107.000000 
31.531970 5039.000000 
31.558219 5071.000000 
31.584468 5069.000000 
31.610717 5018.000000 
31.636966 5063.000000 
31.663215 5052.000000 
31.689464 5184.000000 
31.715713 5105.000000 
31.741963 5047.000000 
31.768212 5180.000000 
31.794461 5016.000000 
31.820710 5129.000000 
31.846959 5055.000000 
31.873208 5049.000000 
31.899457 5041.000000 
31.925706 5116.000000 
31.951955 5071.000000 
31.978204 5097.000000 
32.004453 5236.000000 
32.030702 5144.000000 
32.056951 5049.000000 
32.083200 5098.000000 
32.109450 5154.000000 
32.135699 5069.000000 
32.161948 5042.000000 
32.188197 5197.000000 
32.214446 5029.000000 
32.240695 5036.000000 
32.266944 5079.000000 
32.293193 5063.000000 
32.319442 5079.000000 
32.345691 5178.000000 
32.371940 5158.000000 
32.398189 5081.000000 
32.424438 5153.000000 
32.450687 5016.000000 
32.476937 5048.000000 
32.503186 5099.000000 
32.529435 5150.000000 
32.555684 5099.000000 
32.581933 5197.000000 
32.608182 5051.000000 
32.634431 4966.000000 
32.660680 5082.000000 
32.686929 5062.000000 
32.713178 5110.000000 
32.739427 5061.000000 
32.765676 5135.000000 
32.791925 5087.000000 
32.818175 5131.000000 
32.844424 5189.000000 
32.870673 5151.000000 
32.896922 5125.000000 
32.923171 5051.000000 
32.949420 5068.000000 
32.975669 5103.000000 
33.001918 5288.000000 
33.028167 5067.000000 
33.054416 5133.000000 
33.080665 5073.000000 
33.106914 5083.000000 
33.133163 5061.000000 
33.159412 5305.000000 
33.185662 5191.000000 
33.211911 5246.000000 
33.238160 5326.000000 
33.264409 5409.000000 
33.290658 5355.000000 
33.316907 5396.000000 
33.343156 5216.000000 
33.369405 5150.000000 
33.395654 5213.000000 
33.421903 5107.000000 
33.448152 5167.000000 
33.474401 5068.000000 
33.500650 5137.000000 
33.526899 5075.000000 
33.553149 5111.000000 
33.579398 5176.000000 
33.605647 5151.000000 
33.631896 5161.000000 
33.658145 5118.000000 
33.684394 5081.000000 
33.710643 5061.000000 
33.736892 5125.000000 
33.763141 5058.000000 
33.789390 5118.000000 
33.815639 5215.000000 
33.841888 4953.000000 
33.868137 5096.000000 
33.894386 5084.000000 
33.920636 5049.000000 
33.946885 5043.000000 
33.973134 5117.000000 
33.999383 5128.000000 
34.025632 5083.000000 
34.051881 5070.000000 
34.078130 4996.000000 
34.104379 5061.000000 
34.130628 4906.000000 
34.156877 5119.000000 
34.183126 5120.000000 
34.209375 5134.000000 
34.235624 4948.000000 
34.261874 5136.000000 
34.288123 5271.000000 
34.314372 5055.000000 
34.340621 5272.000000 
34.366870 5251.000000 
34.393119 5125.000000 
34.419368 5213.000000 
34.445617 5133.000000 
34.471866 5076.000000 
34.498115 5074.000000 
34.524364 5058.000000 
34.550613 5069.000000 
34.576862 5074.000000 
34.603111 5023.000000 
34.629361 5090.000000 
34.655610 5116.000000 
34.681859 5135.000000 
34.708108 5205.000000 
34.734357 5172.000000 
34.760606 5259.000000 
34.786855 5214.000000 
34.813104 5159.000000 
34.839353 5211.000000 
34.865602 5141.000000 
34.891851 5288.000000 
34.918100 5050.000000 
34.944349 5148.000000 
34.970598 5150.000000 
34.996848 5173.000000 
35.023097 5150.000000 
35.049346 5238.000000 
35.075595 5059.000000 
35.101844 5213.000000 
35.128093 5102.000000 
35.154342 5143.000000 
35.180591 5186.000000 
35.206840 5273.000000 
35.233089 5240.000000 
35.259338 5389.000000 
35.285587 5421.000000 
35.311836 5495.000000 
35.338085 5635.000000 
35.364335 5725.000000 
35.390584 6170.000000 
35.416833 6475.000000 
35.443082 7174.000000 
35.469331 8231.000000 
35.495580 9537.000000 
35.521829 11661.000000 
35.548078 13188.000000 
35.574327 13185.000000 
35.600576 11845.000000 
35.626825 10987.000000 
35.653074 10251.000000 
35.679323 8878.000000 
35.705573 7536.000000 
35.731822 6605.000000 
35.758071 6266.000000 
35.784320 5916.000000 
35.810569 5832.000000 
35.836818 5620.000000 
35.863067 5356.000000 
35.889316 5421.000000 
35.915565 5399.000000 
35.941814 5324.000000 
35.968063 5343.000000 
35.994312 5214.000000 
36.020561 5259.000000 
36.046810 5153.000000 
36.073060 5118.000000 
36.099309 5238.000000 
36.125558 5292.000000 
36.151807 5179.000000 
36.178056 5148.000000 
36.204305 5163.000000 
36.230554 5062.000000 
36.256803 5152.000000 
36.283052 5150.000000 
36.309301 5132.000000 
36.335550 5212.000000 
36.361799 5102.000000 
36.388048 5054.000000 
36.414297 5048.000000 
36.440547 5159.000000 
36.466796 5146.000000 
36.493045 5212.000000 
36.519294 5167.000000 
36.545543 5156.000000 
36.571792 5256.000000 
36.598041 5076.000000 
36.624290 5158.000000 
36.650539 5087.000000 
36.676788 5204.000000 
36.703037 5131.000000 
36.729286 5079.000000 
36.755535 5111.000000 
36.781785 4988.000000 
36.808034 5147.000000 
36.834283 5107.000000 
36.860532 5123.000000 
36.886781 5094.000000 
36.913030 5086.000000 
36.939279 5137.000000 
36.965528 5136.000000 
36.991777 5079.000000 
37.018026 5136.000000 
37.044275 5191.000000 
37.070524 5071.000000 
37.096773 5102.000000 
37.123022 5236.000000 
37.149272 5569.000000 
37.175521 5667.000000 
37.201770 5546.000000 
37.228019 5543.000000 
37.254268 5496.000000 
37.280517 5430.000000 
37.306766 5342.000000 
37.333015 5146.000000 
37.359264 5282.000000 
37.385513 5071.000000 
37.411762 5060.000000 
37.438011 5001.000000 
37.464260 5010.000000 
37.490509 5050.000000 
37.516759 5125.000000 
37.543008 5085.000000 
37.569257 4999.000000 
37.595506 4981.000000 
37.621755 5013.000000 
37.648004 5034.000000 
37.674253 5169.000000 
37.700502 4946.000000 
37.726751 5111.000000 
37.753000 5081.000000 
37.779249 4987.000000 
37.805498 4949.000000 
37.831747 5080.000000 
37.857996 5031.000000 
37.884246 5009.000000 
37.910495 4906.000000 
37.936744 5069.000000 
37.962993 5009.000000 
37.989242 4991.000000 
38.015491 4925.000000 
38.041740 4985.000000 
38.067989 5068.000000 
38.094238 4954.000000 
38.120487 4978.000000 
38.146736 4994.000000 
38.172985 4982.000000 
38.199234 5140.000000 
38.225484 5079.000000 
38.251733 4995.000000 
38.277982 4999.000000 
38.304231 5132.000000 
38.330480 5075.000000 
38.356729 5068.000000 
38.382978 4907.000000 
38.409227 5066.000000 
38.435476 5016.000000 
38.461725 5009.000000 
38.487974 5048.000000 
38.514223 4944.000000 
38.540472 4908.000000 
38.566721 5003.000000 
38.592971 5045.000000 
38.619220 5026.000000 
38.645469 5107.000000 
38.671718 4871.000000 
38.697967 5017.000000 
38.724216 5135.000000 
38.750465 4985.000000 
38.776714 5057.000000 
38.802963 5120.000000 
38.829212 5024.000000 
38.855461 5154.000000 
38.881710 5104.000000 
38.907959 5135.000000 
38.934208 4894.000000 
38.960458 5137.000000 
38.986707 4920.000000 
39.012956 5084.000000 
39.039205 5006.000000 
39.065454 5079.000000 
39.091703 4956.000000 
39.117952 5122.000000 
39.144201 4985.000000 
39.170450 4885.000000 
39.196699 5002.000000 
39.222948 5054.000000 
39.249197 4958.000000 
39.275446 4877.000000 
39.301695 4904.000000 
39.327945 4967.000000 
39.354194 4871.000000 
39.380443 4990.000000 
39.406692 5000.000000 
39.432941 5046.000000 
39.459190 5057.000000 
39.485439 5025.000000 
39.511688 4984.000000 
39.537937 5060.000000 
39.564186 4966.000000 
39.590435 5024.000000 
39.616684 4995.000000 
39.642933 5021.000000 
39.669183 4983.000000 
39.695432 4759.000000 
39.721681 5038.000000 
39.747930 5166.000000 
39.774179 4944.000000 
39.800428 5115.000000 
39.826677 4932.000000 
39.852926 5067.000000 
39.879175 4963.000000 
39.905424 4961.000000 
39.931673 5039.000000 
39.957922 5152.000000 
39.984171 4961.000000 
40.010420 5144.000000 
40.036670 4949.000000 
40.062919 4922.000000 
40.089168 5034.000000 
40.115417 4953.000000 
40.141666 4830.000000 
40.167915 4987.000000 
40.194164 5045.000000 
40.220413 5014.000000 
40.246662 5041.000000 
40.272911 4980.000000 
40.299160 4884.000000 
40.325409 4900.000000 
40.351658 4948.000000 
40.377907 5102.000000 
40.404157 4971.000000 
40.430406 5044.000000 
40.456655 5016.000000 
40.482904 4994.000000 
40.509153 5048.000000 
40.535402 4988.000000 
40.561651 5079.000000 
40.587900 4993.000000 
40.614149 4960.000000 
40.640398 5177.000000 
40.666647 5108.000000 
40.692896 5081.000000 
40.719145 5026.000000 
40.745394 4909.000000 
40.771644 4986.000000 
40.797893 5005.000000 
40.824142 5004.000000 
40.850391 5097.000000 
40.876640 5053.000000 
40.902889 5091.000000 
40.929138 5028.000000 
40.955387 5043.000000 
40.981636 5166.000000 
41.007885 5020.000000 
41.034134 5128.000000 
41.060383 5043.000000 
41.086632 5077.000000 
41.112882 5004.000000 
41.139131 4977.000000 
41.165380 5073.000000 
41.191629 5118.000000 
41.217878 4976.000000 
41.244127 5028.000000 
41.270376 5028.000000 
41.296625 5068.000000 
41.322874 5063.000000 
41.349123 5083.000000 
41.375372 4976.000000 
41.401621 5063.000000 
41.427870 4935.000000 
41.454119 4859.000000 
41.480369 5004.000000 
41.506618 5009.000000 
41.532867 5102.000000 
41.559116 4930.000000 
41.585365 4983.000000 
41.611614 4952.000000 
41.637863 5004.000000 
41.664112 5051.000000 
41.690361 5025.000000 
41.716610 5009.000000 
41.742859 4849.000000 
41.769108 5051.000000 
41.795357 5132.000000 
41.821606 5141.000000 
41.847856 4855.000000 
41.874105 5024.000000 
41.900354 5033.000000 
41.926603 5114.000000 
41.952852 5120.000000 
41.979101 4917.000000 
42.005350 5078.000000 
42.031599 5069.000000 
42.057848 5036.000000 
42.084097 5011.000000 
42.110346 4913.000000 
42.136595 4946.000000 
42.162844 5045.000000 
42.189093 4947.000000 
42.215343 4813.000000 
42.241592 5059.000000 
42.267841 4904.000000 
42.294090 4965.000000 
42.320339 5108.000000 
42.346588 5104.000000 
42.372837 4955.000000 
42.399086 5254.000000 
42.425335 4934.000000 
42.451584 5050.000000 
42.477833 5018.000000 
42.504082 4982.000000 
42.530331 5107.000000 
42.556581 4911.000000 
42.582830 5011.000000 
42.609079 5106.000000 
42.635328 4978.000000 
42.661577 5053.000000 
42.687826 5165.000000 
42.714075 4876.000000 
42.740324 4975.000000 
42.766573 5051.000000 
42.792822 5059.000000 
42.819071 5127.000000 
42.845320 4976.000000 
42.871569 5131.000000 
42.897818 5121.000000 
42.924068 5252.000000 
42.950317 5135.000000 
42.976566 5196.000000 
43.002815 5108.000000 
43.029064 5342.000000 
43.055313 5496.000000 
43.081562 5577.000000 
43.107811 5859.000000 
43.134060 6044.000000 
43.160309 6646.000000 
43.186558 6839.000000 
43.212807 6603.000000 
43.239056 6239.000000 
43.265305 6068.000000 
43.291555 6215.000000 
43.317804 5737.000000 
43.344053 5625.000000 
43.370302 5457.000000 
43.396551 5181.000000 
43.422800 5240.000000 
43.449049 5135.000000 
43.475298 5118.000000 
43.501547 5196.000000 
43.527796 5025.000000 
43.554045 4988.000000 
43.580294 4962.000000 
43.606543 4956.000000 
43.632792 4960.000000 
43.659042 5076.000000 
43.685291 5035.000000 
43.711540 5074.000000 
43.737789 5059.000000 
43.764038 5030.000000 
43.790287 4968.000000 
43.816536 5109.000000 
43.842785 5008.000000 
43.869034 4872.000000 
43.895283 4875.000000 
43.921532 4962.000000 
43.947781 5026.000000 
43.974030 4960.000000 
44.000280 5026.000000 
44.026529 5172.000000 
44.052778 5032.000000 
44.079027 4976.000000 
44.105276 5061.000000 
44.131525 4945.000000 
44.157774 5016.000000 
44.184023 4848.000000 
44.210272 5086.000000 
44.236521 4877.000000 
44.262770 5055.000000 
44.289019 5041.000000 
44.315268 4936.000000 
44.341517 5040.000000 
44.367767 4833.000000 
44.394016 4877.000000 
44.420265 4903.000000 
44.446514 4934.000000 
44.472763 4932.000000 
44.499012 4925.000000 
44.525261 4993.000000 
44.551510 4981.000000 
44.577759 5041.000000 
44.604008 5099.000000 
44.630257 4793.000000 
44.656506 4887.000000 
44.682755 5022.000000 
44.709004 4989.000000 
44.735254 4908.000000 
44.761503 5168.000000 
44.787752 5003.000000 
44.814001 4925.000000 
44.840250 5145.000000 
44.866499 4919.000000 
44.892748 5072.000000 
44.918997 4992.000000 
44.945246 4931.000000 
44.971495 4949.000000 
44.997744 4949.000000 
45.023993 4940.000000 
45.050242 4889.000000 
45.076491 5033.000000 
45.102741 5093.000000 
45.128990 4973.000000 
45.155239 5093.000000 
45.181488 4973.000000 
45.207737 4925.000000 
45.233986 4837.000000 
45.260235 4981.000000 
45.286484 4910.000000 
45.312733 5057.000000 
45.338982 5002.000000 
45.365231 4869.000000 
45.391480 4986.000000 
45.417729 4929.000000 
45.443979 4849.000000 
45.470228 4929.000000 
45.496477 5079.000000 
45.522726 4919.000000 
45.548975 4874.000000 
45.575224 5020.000000 
45.601473 5094.000000 
45.627722 5061.000000 
45.653971 4941.000000 
45.680220 5134.000000 
45.706469 5030.000000 
45.732718 4989.000000 
45.758967 4953.000000 
45.785216 5076.000000 
45.811466 5040.000000 
45.837715 5015.000000 
45.863964 5014.000000 
45.890213 4938.000000 
45.916462 4994.000000 
45.942711 5133.000000 
45.968960 4871.000000 
45.995209 4915.000000 
46.021458 5083.000000 
46.047707 4976.000000 
46.073956 5016.000000 
46.100205 4913.000000 
46.126454 5047.000000 
46.152703 5035.000000 
46.178953 5005.000000 
46.205202 4933.000000 
46.231451 4937.000000 
46.257700 4949.000000 
46.283949 5037.000000 
46.310198 4996.000000 
46.336447 4975.000000 
46.362696 4875.000000 
46.388945 5093.000000 
46.415194 5038.000000 
46.441443 5084.000000 
46.467692 5072.000000 
46.493941 4880.000000 
46.520190 4965.000000 
46.546440 5101.000000 
46.572689 5024.000000 
46.598938 5001.000000 
46.625187 4863.000000 
46.651436 4931.000000 
46.677685 5029.000000 
46.703934 4984.000000 
46.730183 4950.000000 
46.756432 5017.000000 
46.782681 5101.000000 
46.808930 4986.000000 
46.835179 5098.000000 
46.861428 4972.000000 
46.887678 4930.000000 
46.913927 4980.000000 
46.940176 4980.000000 
46.966425 5023.000000 
46.992674 5140.000000 
47.018923 4923.000000 
47.045172 4957.000000 
47.071421 4975.000000 
47.097670 4918.000000 
47.123919 4928.000000 
47.150168 5054.000000 
47.176417 4918.000000 
47.202666 4930.000000 
47.228915 5092.000000 
47.255165 5082.000000 
47.281414 5172.000000 
47.307663 5006.000000 
47.333912 5014.000000 
47.360161 4914.000000 
47.386410 5083.000000 
47.412659 5043.000000 
47.438908 4940.000000 
47.465157 5055.000000 
47.491406 4931.000000 
47.517655 5073.000000 
47.543904 5055.000000 
47.570153 4838.000000 
47.596402 4915.000000 
47.622652 4999.000000 
47.648901 4925.000000 
47.675150 5079.000000 
47.701399 5068.000000 
47.727648 4871.000000 
47.753897 4911.000000 
47.780146 5009.000000 
47.806395 4860.000000 
47.832644 5084.000000 
47.858893 4833.000000 
47.885142 5099.000000 
47.911391 5005.000000 
47.937640 4927.000000 
47.963889 4958.000000 
47.990139 4953.000000 
48.016388 4901.000000 
48.042637 4939.000000 
48.068886 4932.000000 
48.095135 4934.000000 
48.121384 4906.000000 
48.147633 5002.000000 
48.173882 5000.000000 
48.200131 5038.000000 
48.226380 5058.000000 
48.252629 4977.000000 
48.278878 4979.000000 
48.305127 4919.000000 
48.331377 4874.000000 
48.357626 4983.000000 
48.383875 4940.000000 
48.410124 5000.000000 
48.436373 4949.000000 
48.462622 4961.000000 
48.488871 4843.000000 
48.515120 4970.000000 
48.541369 4822.000000 
48.567618 5039.000000 
48.593867 5049.000000 
48.620116 5006.000000 
48.646365 4913.000000 
48.672614 5021.000000 
48.698864 4851.000000 
48.725113 4990.000000 
48.751362 5043.000000 
48.777611 5042.000000 
48.803860 4996.000000 
48.830109 4914.000000 
48.856358 5005.000000 
48.882607 5058.000000 
48.908856 4889.000000 
48.935105 5054.000000 
48.961354 4998.000000 
48.987603 5108.000000 
49.013852 5019.000000 
49.040101 5049.000000 
49.066351 5015.000000 
49.092600 5062.000000 
49.118849 5113.000000 
49.145098 5029.000000 
49.171347 5072.000000 
49.197596 5001.000000 
49.223845 5010.000000 
49.250094 4968.000000 
49.276343 5004.000000 
49.302592 5005.000000 
49.328841 5071.000000 
49.355090 4977.000000 
49.381339 5008.000000 
49.407589 5077.000000 
49.433838 4987.000000 
49.460087 5081.000000 
49.486336 5088.000000 
49.512585 5010.000000 
49.538834 5134.000000 
49.565083 5231.000000 
49.591332 5078.000000 
49.617581 5086.000000 
49.643830 5032.000000 
49.670079 5081.000000 
49.696328 5126.000000 
49.722577 5026.000000 
49.748826 5103.000000 
49.775076 4853.000000 
49.801325 4912.000000 
49.827574 4960.000000 
49.853823 4979.000000 
49.880072 4927.000000 
49.906321 4962.000000 
49.932570 4962.000000 
49.958819 4982.000000 
49.985068 4941.000000 
50.011317 5043.000000 
50.037566 5015.000000 
50.063815 5022.000000 
50.090064 5019.000000 
50.116313 4976.000000 
50.142563 4865.000000 
50.168812 4893.000000 
50.195061 4962.000000 
50.221310 5023.000000 
50.247559 5094.000000 
50.273808 4895.000000 
50.300057 4989.000000 
50.326306 5000.000000 
50.352555 5068.000000 
50.378804 5101.000000 
50.405053 4995.000000 
50.431302 4917.000000 
50.457551 4857.000000 
50.483800 5094.000000 
50.510050 5051.000000 
50.536299 5047.000000 
50.562548 4956.000000 
50.588797 5048.000000 
50.615046 4985.000000 
50.641295 4916.000000 
50.667544 4939.000000 
50.693793 5131.000000 
50.720042 5030.000000 
50.746291 4962.000000 
50.772540 4968.000000 
50.798789 5038.000000 
50.825038 5000.000000 
50.851288 4968.000000 
50.877537 4983.000000 
50.903786 4841.000000 
50.930035 5002.000000 
50.956284 4902.000000 
50.982533 5049.000000 
51.008782 4987.000000 
51.035031 5005.000000 
51.061280 5119.000000 
51.087529 4998.000000 
51.113778 4928.000000 
51.140027 5018.000000 
51.166276 4958.000000 
51.192525 5013.000000 
51.218775 5027.000000 
51.245024 4913.000000 
51.271273 5033.000000 
51.297522 5130.000000 
51.323771 4903.000000 
51.350020 5002.000000 
51.376269 4918.000000 
51.402518 5086.000000 
51.428767 4993.000000 
51.455016 5031.000000 
51.481265 4999.000000 
51.507514 4936.000000 
51.533763 4919.000000 
51.560012 4937.000000 
51.586262 4891.000000 
51.612511 5026.000000 
51.638760 4910.000000 
51.665009 5056.000000 
51.691258 4892.000000 
51.717507 5062.000000 
51.743756 4914.000000 
51.770005 5087.000000 
51.796254 4942.000000 
51.822503 5001.000000 
51.848752 4939.000000 
51.875001 5145.000000 
51.901250 5010.000000 
51.927499 5062.000000 
51.953749 5065.000000 
51.979998 4980.000000 
52.006247 5005.000000 
52.032496 5153.000000 
52.058745 5056.000000 
52.084994 5000.000000 
52.111243 5014.000000 
52.137492 5148.000000 
52.163741 5007.000000 
52.189990 4994.000000 
52.216239 4936.000000 
52.242488 4933.000000 
52.268737 4955.000000 
52.294987 4894.000000 
52.321236 4938.000000 
52.347485 5025.000000 
52.373734 4929.000000 
52.399983 5020.000000 
52.426232 5112.000000 
52.452481 5051.000000 
52.478730 4906.000000 
52.504979 5043.000000 
52.531228 4956.000000 
52.557477 4925.000000 
52.583726 5069.000000 
52.609975 5132.000000 
52.636224 5189.000000 
52.662474 5032.000000 
52.688723 4878.000000 
52.714972 5020.000000 
52.741221 5019.000000 
52.767470 5133.000000 
52.793719 4963.000000 
52.819968 4937.000000 
52.846217 4923.000000 
52.872466 4916.000000 
52.898715 4993.000000 
52.924964 5002.000000 
52.951213 4902.000000 
52.977462 5037.000000 
53.003711 5023.000000 
53.029961 4875.000000 
53.056210 4979.000000 
53.082459 4897.000000 
53.108708 4983.000000 
53.134957 4993.000000 
53.161206 5096.000000 
53.187455 4999.000000 
53.213704 5096.000000 
53.239953 5029.000000 
53.266202 4979.000000 
53.292451 5136.000000 
53.318700 4960.000000 
53.344949 4931.000000 
53.371198 5048.000000 
53.397448 5041.000000 
53.423697 5198.000000 
53.449946 5456.000000 
53.476195 5363.000000 
53.502444 5544.000000 
53.528693 5645.000000 
53.554942 5490.000000 
53.581191 5462.000000 
53.607440 5173.000000 
53.633689 5548.000000 
53.659938 5397.000000 
53.686187 5250.000000 
53.712436 5401.000000 
53.738686 5214.000000 
53.764935 5107.000000 
53.791184 5107.000000 
53.817433 5161.000000 
53.843682 4991.000000 
53.869931 5084.000000 
53.896180 5133.000000 
53.922429 5085.000000 
53.948678 5035.000000 
53.974927 5116.000000 
54.001176 4976.000000 
54.027425 5156.000000 
54.053674 5022.000000 
54.079923 4991.000000 
54.106173 5122.000000 
54.132422 5133.000000 
54.158671 5141.000000 
54.184920 5216.000000 
54.211169 5070.000000 
54.237418 5145.000000 
54.263667 5120.000000 
54.289916 5013.000000 
54.316165 4971.000000 
54.342414 5038.000000 
54.368663 5125.000000 
54.394912 5074.000000 
54.421161 5068.000000 
54.447410 5073.000000 
54.473660 5009.000000 
54.499909 4840.000000 
54.526158 4964.000000 
54.552407 5174.000000 
54.578656 5012.000000 
54.604905 4958.000000 
54.631154 4959.000000 
54.657403 4987.000000 
54.683652 4940.000000 
54.709901 4976.000000 
54.736150 5074.000000 
54.762399 4958.000000 
54.788648 4937.000000 
54.814897 4854.000000 
54.841147 5029.000000 
54.867396 4796.000000 
54.893645 5023.000000 
54.919894 5040.000000 
54.946143 4939.000000 
54.972392 4972.000000 
54.998641 4924.000000 
55.024890 5007.000000 
55.051139 4930.000000 
55.077388 5148.000000 
55.103637 4992.000000 
55.129886 5061.000000 
55.156135 5059.000000 
55.182385 5025.000000 
55.208634 4896.000000 
55.234883 5020.000000 
55.261132 5016.000000 
55.287381 5051.000000 
55.313630 5015.000000 
55.339879 4949.000000 
55.366128 4946.000000 
55.392377 4962.000000 
55.418626 5014.000000 
55.444875 4950.000000 
55.471124 4981.000000 
55.497373 4897.000000 
55.523622 4919.000000 
55.549872 4912.000000 
55.576121 5043.000000 
55.602370 4924.000000 
55.628619 5042.000000 
55.654868 5009.000000 
55.681117 4861.000000 
55.707366 5007.000000 
55.733615 4948.000000 
55.759864 4951.000000 
55.786113 4991.000000 
55.812362 4988.000000 
55.838611 4967.000000 
55.864860 5033.000000 
55.891109 4968.000000 
55.917359 4961.000000 
55.943608 4976.000000 
55.969857 4967.000000 
55.996106 5030.000000 
56.022355 4999.000000 
56.048604 4902.000000 
56.074853 5009.000000 
56.101102 4956.000000 
56.127351 5075.000000 
56.153600 4969.000000 
56.179849 4964.000000 
56.206098 5010.000000 
56.232347 4946.000000 
56.258596 5002.000000 
56.284846 4959.000000 
56.311095 5047.000000 
56.337344 4955.000000 
56.363593 5074.000000 
56.389842 5067.000000 
56.416091 4989.000000 
56.442340 5059.000000 
56.468589 5004.000000 
56.494838 5047.000000 
56.521087 5028.000000 
56.547336 4869.000000 
56.573585 5066.000000 
56.599834 5088.000000 
56.626084 5023.000000 
56.652333 4956.000000 
56.678582 5056.000000 
56.704831 4953.000000 
56.731080 5162.000000 
56.757329 5197.000000 
56.783578 5085.000000 
56.809827 5023.000000 
56.836076 5025.000000 
56.862325 5191.000000 
56.888574 5322.000000 
56.914823 5425.000000 
56.941072 5625.000000 
56.967321 5870.000000 
56.993571 6293.000000 
57.019820 6625.000000 
57.046069 6892.000000 
57.072318 7024.000000 
57.098567 6540.000000 
57.124816 6369.000000 
57.151065 6280.000000 
57.177314 6281.000000 
57.203563 6149.000000 
57.229812 6066.000000 
57.256061 5877.000000 
57.282310 5635.000000 
57.308559 5387.000000 
57.334808 5376.000000 
57.361058 5225.000000 
57.387307 5349.000000 
57.413556 5047.000000 
57.439805 5062.000000 
57.466054 5066.000000 
57.492303 5045.000000 
57.518552 5008.000000 
57.544801 5070.000000 
57.571050 5042.000000 
57.597299 5158.000000 
57.623548 5080.000000 
57.649797 4963.000000 
57.676046 4967.000000 
57.702295 5040.000000 
57.728545 4961.000000 
57.754794 4991.000000 
57.781043 5185.000000 
57.807292 4962.000000 
57.833541 5022.000000 
57.859790 4954.000000 
57.886039 5079.000000 
57.912288 5007.000000 
57.938537 5074.000000 
57.964786 4902.000000 
57.991035 5059.000000 
58.017284 5041.000000 
58.043533 4928.000000 
58.069783 4940.000000 
58.096032 5000.000000 
58.122281 5137.000000 
58.148530 4996.000000 
58.174779 5061.000000 
58.201028 5029.000000 
58.227277 4971.000000 
58.253526 5108.000000 
58.279775 4940.000000 
58.306024 5019.000000 
58.332273 5007.000000 
58.358522 5202.000000 
58.384771 4947.000000 
58.411020 4902.000000 
58.437270 5046.000000 
58.463519 5085.000000 
58.489768 5088.000000 
58.516017 5075.000000 
58.542266 4901.000000 
58.568515 5035.000000 
58.594764 5093.000000 
58.621013 5006.000000 
58.647262 4964.000000 
58.673511 5018.000000 
58.699760 5037.000000 
58.726009 5018.000000 
58.752258 4865.000000 
58.778507 4996.000000 
58.804757 4883.000000 
58.831006 4971.000000 
58.857255 4947.000000 
58.883504 4838.000000 
58.909753 4994.000000 
58.936002 4873.000000 
58.962251 4933.000000 
58.988500 4968.000000 
59.014749 5006.000000 
59.040998 5020.000000 
59.067247 5073.000000 
59.093496 5073.000000 
59.119745 5016.000000 
59.145994 5035.000000 
59.172244 4894.000000 
59.198493 5032.000000 
59.224742 4999.000000 
59.250991 5052.000000 
59.277240 4978.000000 
59.303489 5101.000000 
59.329738 4947.000000 
59.355987 5050.000000 
59.382236 5070.000000 
59.408485 5006.000000 
59.434734 5021.000000 
59.460983 5084.000000 
59.487232 4977.000000 
59.513482 5025.000000 
59.539731 4900.000000 
59.565980 4958.000000 
59.592229 5022.000000 
59.618478 5062.000000 
59.644727 4963.000000 
59.670976 4991.000000 
59.697225 5026.000000 
59.723474 5014.000000 
59.749723 5136.000000 
59.775972 4962.000000 
59.802221 5100.000000 
59.828470 5089.000000 
59.854719 4960.000000 
59.880969 4990.000000 
59.907218 5000.000000 
59.933467 4921.000000 
59.959716 5024.000000 
59.985965 4947.000000 
60.012214 5188.000000 
60.038463 4946.000000 
60.064712 5167.000000 
60.090961 5051.000000 
60.117210 4976.000000 
60.143459 5086.000000 
60.169708 5071.000000 
60.195957 5041.000000 
60.222206 5039.000000 
60.248456 5156.000000 
60.274705 4936.000000 
60.300954 4930.000000 
60.327203 5030.000000 
60.353452 5105.000000 
60.379701 5066.000000 
60.405950 5104.000000 
60.432199 5272.000000 
60.458448 5148.000000 
60.484697 4947.000000 
60.510946 4961.000000 
60.537195 5012.000000 
60.563444 5019.000000 
60.589693 4876.000000 
60.615943 5131.000000 
60.642192 5022.000000 
60.668441 5007.000000 
60.694690 5110.000000 
60.720939 4874.000000 
60.747188 5070.000000 
60.773437 4958.000000 
60.799686 4954.000000 
60.825935 5043.000000 
60.852184 5022.000000 
60.878433 5035.000000 
60.904682 5041.000000 
60.930931 4978.000000 
60.957181 5072.000000 
60.983430 4975.000000 
61.009679 5018.000000 
61.035928 5062.000000 
61.062177 5044.000000 
61.088426 5063.000000 
61.114675 5182.000000 
61.140924 5037.000000 
61.167173 5100.000000 
61.193422 5056.000000 
61.219671 5068.000000 
61.245920 5009.000000 
61.272169 4967.000000 
61.298418 5054.000000 
61.324668 4945.000000 
61.350917 5002.000000 
61.377166 5040.000000 
61.403415 5025.000000 
61.429664 5146.000000 
61.455913 5000.000000 
61.482162 5120.000000 
61.508411 5110.000000 
61.534660 5174.000000 
61.560909 4917.000000 
61.587158 4915.000000 
61.613407 4976.000000 
61.639656 5028.000000 
61.665905 5053.000000 
61.692155 5015.000000 
61.718404 4980.000000 
61.744653 4909.000000 
61.770902 5174.000000 
61.797151 4986.000000 
61.823400 4999.000000 
61.849649 5083.000000 
61.875898 5011.000000 
61.902147 5116.000000 
61.928396 4955.000000 
61.954645 5046.000000 
61.980894 5046.000000 
62.007143 5007.000000 
62.033393 4994.000000 
62.059642 5034.000000 
62.085891 5046.000000 
62.112140 4986.000000 
62.138389 5124.000000 
62.164638 5018.000000 
62.190887 5059.000000 
62.217136 5026.000000 
62.243385 4971.000000 
62.269634 5205.000000 
62.295883 5010.000000 
62.322132 5308.000000 
62.348381 5121.000000 
62.374630 5282.000000 
62.400880 5169.000000 
62.427129 5409.000000 
62.453378 5406.000000 
62.479627 5382.000000 
62.505876 5860.000000 
62.532125 5946.000000 
62.558374 6256.000000 
62.584623 6833.000000 
62.610872 7281.000000 
62.637121 7663.000000 
62.663370 7337.000000 
62.689619 7029.000000 
62.715868 6791.000000 
62.742117 6632.000000 
62.768367 6610.000000 
62.794616 6542.000000 
62.820865 6553.000000 
62.847114 6308.000000 
62.873363 5983.000000 
62.899612 5734.000000 
62.925861 5632.000000 
62.952110 5380.000000 
62.978359 5257.000000 
63.004608 5294.000000 
63.030857 5175.000000 
63.057106 5166.000000 
63.083355 5128.000000 
63.109604 5193.000000 
63.135854 5141.000000 
63.162103 5002.000000 
63.188352 5154.000000 
63.214601 5177.000000 
63.240850 5094.000000 
63.267099 5004.000000 
63.293348 5070.000000 
63.319597 5023.000000 
63.345846 5178.000000 
63.372095 5086.000000 
63.398344 5060.000000 
63.424593 5008.000000 
63.450842 5113.000000 
63.477092 5029.000000 
63.503341 5001.000000 
63.529590 5160.000000 
63.555839 5022.000000 
63.582088 5087.000000 
63.608337 5196.000000 
63.634586 5078.000000 
63.660835 5090.000000 
63.687084 5018.000000 
63.713333 5011.000000 
63.739582 5159.000000 
63.765831 5154.000000 
63.792080 5141.000000 
63.818329 5094.000000 
63.844579 5101.000000 
63.870828 4930.000000 
63.897077 5010.000000 
63.923326 5080.000000 
63.949575 5006.000000 
63.975824 5094.000000 
64.002073 5142.000000 
64.028322 5152.000000 
64.054571 5083.000000 
64.080820 5074.000000 
64.107069 5067.000000 
64.133318 5061.000000 
64.159567 5084.000000 
64.185816 5005.000000 
64.212066 5172.000000 
64.238315 5108.000000 
64.264564 5092.000000 
64.290813 5080.000000 
64.317062 5127.000000 
64.343311 5098.000000 
64.369560 5038.000000 
64.395809 5133.000000 
64.422058 5108.000000 
64.448307 5115.000000 
64.474556 4863.000000 
64.500805 4980.000000 
64.527054 4952.000000 
64.553303 5049.000000 
64.579553 5037.000000 
64.605802 5084.000000 
64.632051 5047.000000 
64.658300 5086.000000 
64.684549 5056.000000 
64.710798 4989.000000 
64.737047 5092.000000 
64.763296 4969.000000 
64.789545 4988.000000 
64.815794 5027.000000 
64.842043 4971.000000 
64.868292 5161.000000 
64.894541 5009.000000 
64.920791 5051.000000 
64.947040 5098.000000 
64.973289 5074.000000 
64.999538 5055.000000 
65.025787 5071.000000 
65.052036 5037.000000 
65.078285 5062.000000 
65.104534 5073.000000 
65.130783 5102.000000 
65.157032 5086.000000 
65.183281 5008.000000 
65.209530 5099.000000 
65.235779 5142.000000 
65.262028 5032.000000 
65.288278 5128.000000 
65.314527 4932.000000 
65.340776 4943.000000 
65.367025 5047.000000 
65.393274 5008.000000 
65.419523 4900.000000 
65.445772 5129.000000 
65.472021 4917.000000 
65.498270 5160.000000 
65.524519 4984.000000 
65.550768 5120.000000 
65.577017 5103.000000 
65.603266 4993.000000 
65.629515 5118.000000 
65.655765 5016.000000 
65.682014 5075.000000 
65.708263 5159.000000 
65.734512 4971.000000 
65.760761 5090.000000 
65.787010 5180.000000 
65.813259 5152.000000 
65.839508 5161.000000 
65.865757 5171.000000 
65.892006 5104.000000 
65.918255 5300.000000 
65.944504 5094.000000 
65.970753 5130.000000 
65.997002 5231.000000 
66.023252 5141.000000 
66.049501 5070.000000 
66.075750 5076.000000 
66.101999 4991.000000 
66.128248 5029.000000 
66.154497 5036.000000 
66.180746 5076.000000 
66.206995 5118.000000 
66.233244 5038.000000 
66.259493 5134.000000 
66.285742 5117.000000 
66.311991 5080.000000 
66.338240 5100.000000 
66.364490 5031.000000 
66.390739 5007.000000 
66.416988 4961.000000 
66.443237 5177.000000 
66.469486 5042.000000 
66.495735 4953.000000 
66.521984 5066.000000 
66.548233 5117.000000 
66.574482 5032.000000 
66.600731 5053.000000 
66.626980 4936.000000 
66.653229 5023.000000 
66.679478 5039.000000 
66.705727 5028.000000 
66.731977 5031.000000 
66.758226 5033.000000 
66.784475 5059.000000 
66.810724 4986.000000 
66.836973 4920.000000 
66.863222 5095.000000 
66.889471 5042.000000 
66.915720 5079.000000 
66.941969 5164.000000 
66.968218 5023.000000 
66.994467 5118.000000 
67.020716 5196.000000 
67.046965 4962.000000 
67.073214 4951.000000 
67.099464 5177.000000 
67.125713 5083.000000 
67.151962 5146.000000 
67.178211 4890.000000 
67.204460 5113.000000 
67.230709 5115.000000 
67.256958 5249.000000 
67.283207 5099.000000 
67.309456 5039.000000 
67.335705 4972.000000 
67.361954 5092.000000 
67.388203 5127.000000 
67.414452 5085.000000 
67.440701 5096.000000 
67.466951 5091.000000 
67.493200 5024.000000 
67.519449 4985.000000 
67.545698 5084.000000 
67.571947 5048.000000 
67.598196 5001.000000 
67.624445 5022.000000 
67.650694 5155.000000 
67.676943 5148.000000 
67.703192 5146.000000 
67.729441 5157.000000 
67.755690 5163.000000 
67.781939 5105.000000 
67.808189 5121.000000 
67.834438 5139.000000 
67.860687 4895.000000 
67.886936 5096.000000 
67.913185 5141.000000 
67.939434 4954.000000 
67.965683 4964.000000 
67.991932 5090.000000 
68.018181 5137.000000 
68.044430 5107.000000 
68.070679 5054.000000 
68.096928 4998.000000 
68.123177 5225.000000 
68.149426 5025.000000 
68.175676 5115.000000 
68.201925 5073.000000 
68.228174 5202.000000 
68.254423 5104.000000 
68.280672 5038.000000 
68.306921 5063.000000 
68.333170 5138.000000 
68.359419 5087.000000 
68.385668 5094.000000 
68.411917 5166.000000 
68.438166 5079.000000 
68.464415 5027.000000 
68.490664 5093.000000 
68.516913 5044.000000 
68.543163 5085.000000 
68.569412 5013.000000 
68.595661 5272.000000 
68.621910 5085.000000 
68.648159 4860.000000 
68.674408 5032.000000 
68.700657 5075.000000 
68.726906 5042.000000 
68.753155 4967.000000 
68.779404 5217.000000 
68.805653 5008.000000 
68.831902 5128.000000 
68.858151 5093.000000 
68.884400 4990.000000 
68.910650 4936.000000 
68.936899 5022.000000 
68.963148 5129.000000 
68.989397 4909.000000 
69.015646 5063.000000 
69.041895 5047.000000 
69.068144 5135.000000 
69.094393 5085.000000 
69.120642 5064.000000 
69.146891 5027.000000 
69.173140 4923.000000 
69.199389 5116.000000 
69.225638 4985.000000 
69.251888 4990.000000 
69.278137 4966.000000 
69.304386 5077.000000 
69.330635 5055.000000 
69.356884 4974.000000 
69.383133 4917.000000 
69.409382 5000.000000 
69.435631 5092.000000 
69.461880 4933.000000 
69.488129 4888.000000 
69.514378 5115.000000 
69.540627 5059.000000 
69.566876 5005.000000 
69.593125 5061.000000 
69.619375 5012.000000 
69.645624 5024.000000 
69.671873 5140.000000 
69.698122 5126.000000 
69.724371 4973.000000 
69.750620 4947.000000 
69.776869 5082.000000 
69.803118 5189.000000 
69.829367 5027.000000 
69.855616 5079.000000 
69.881865 5089.000000 
69.908114 5135.000000 
69.934363 5152.000000 
69.960612 5068.000000 
