10.007730 5206.000000 
10.033979 5218.000000 
10.060228 5261.000000 
10.086477 5403.000000 
10.112727 5125.000000 
10.138976 5225.000000 
10.165225 5292.000000 
10.191474 5227.000000 
10.217723 5186.000000 
10.243972 5345.000000 
10.270221 5327.000000 
10.296470 5342.000000 
10.322719 5218.000000 
10.348968 5269.000000 
10.375217 5357.000000 
10.401466 5265.000000 
10.427715 5353.000000 
10.453965 5433.000000 
10.480214 5238.000000 
10.506463 5387.000000 
10.532712 5295.000000 
10.558961 5314.000000 
10.585210 5283.000000 
10.611459 5201.000000 
10.637708 5359.000000 
10.663957 5406.000000 
10.690206 5365.000000 
10.716455 5433.000000 
10.742704 5310.000000 
10.768953 5427.000000 
10.795202 5287.000000 
10.821452 5348.000000 
10.847701 5377.000000 
10.873950 5388.000000 
10.900199 5283.000000 
10.926448 5272.000000 
10.952697 5432.000000 
10.978946 5413.000000 
11.005195 5506.000000 
11.031444 5381.000000 
11.057693 5413.000000 
11.083942 5309.000000 
11.110191 5293.000000 
11.136440 5424.000000 
11.162689 5308.000000 
11.188939 5314.000000 
11.215188 5459.000000 
11.241437 5558.000000 
11.267686 5356.000000 
11.293935 5500.000000 
11.320184 5431.000000 
11.346433 5293.000000 
11.372682 5213.000000 
11.398931 5312.000000 
11.425180 5550.000000 
11.451429 5384.000000 
11.477678 5516.000000 
11.503927 5393.000000 
11.530177 5449.000000 
11.556426 5427.000000 
11.582675 5397.000000 
11.608924 5409.000000 
11.635173 5424.000000 
11.661422 5291.000000 
11.687671 5293.000000 
11.713920 5439.000000 
11.740169 5441.000000 
11.766418 5324.000000 
11.792667 5492.000000 
11.818916 5350.000000 
11.845165 5401.000000 
11.871414 5437.000000 
11.897664 5578.000000 
11.923913 5414.000000 
11.950162 5511.000000 
11.976411 5477.000000 
12.002660 5402.000000 
12.028909 5372.000000 
12.055158 5363.000000 
12.081407 5500.000000 
12.107656 5384.000000 
12.133905 5503.000000 
12.160154 5516.000000 
12.186403 5428.000000 
12.212652 5430.000000 
12.238901 5489.000000 
12.265151 5446.000000 
12.291400 5538.000000 
12.317649 5465.000000 
12.343898 5542.000000 
12.370147 5425.000000 
12.396396 5367.000000 
12.422645 5522.000000 
12.448894 5601.000000 
12.475143 5340.000000 
12.501392 5547.000000 
12.527641 5532.000000 
12.553890 5497.000000 
12.580139 5527.000000 
12.606388 5417.000000 
12.632638 5465.000000 
12.658887 5500.000000 
12.685136 5459.000000 
12.711385 5388.000000 
12.737634 5518.000000 
12.763883 5533.000000 
12.790132 5481.000000 
12.816381 5490.000000 
12.842630 5523.000000 
12.868879 5596.000000 
12.895128 5448.000000 
12.921377 5552.000000 
12.947626 5453.000000 
12.973876 5513.000000 
13.000125 5573.000000 
13.026374 5397.000000 
13.052623 5537.000000 
13.078872 5576.000000 
13.105121 5606.000000 
13.131370 5606.000000 
13.157619 5621.000000 
13.183868 5498.000000 
13.210117 5602.000000 
13.236366 5539.000000 
13.262615 5490.000000 
13.288864 5545.000000 
13.315113 5580.000000 
13.341363 5423.000000 
13.367612 5615.000000 
13.393861 5543.000000 
13.420110 5498.000000 
13.446359 5627.000000 
13.472608 5495.000000 
13.498857 5609.000000 
13.525106 5534.000000 
13.551355 5558.000000 
13.577604 5432.000000 
13.603853 5434.000000 
13.630102 5458.000000 
13.656351 5722.000000 
13.682600 5638.000000 
13.708850 5677.000000 
13.735099 5547.000000 
13.761348 5568.000000 
13.787597 5539.000000 
13.813846 5599.000000 
13.840095 5660.000000 
13.866344 5537.000000 
13.892593 5595.000000 
13.918842 5490.000000 
13.945091 5479.000000 
13.971340 5479.000000 
13.997589 5716.000000 
14.023838 5429.000000 
14.050087 5572.000000 
14.076337 5600.000000 
14.102586 5768.000000 
14.128835 5566.000000 
14.155084 5638.000000 
14.181333 5443.000000 
14.207582 5521.000000 
14.233831 5387.000000 
14.260080 5472.000000 
14.286329 5711.000000 
14.312578 5638.000000 
14.338827 5617.000000 
14.365076 5541.000000 
14.391325 5624.000000 
14.417575 5568.000000 
14.443824 5632.000000 
14.470073 5587.000000 
14.496322 5657.000000 
14.522571 5613.000000 
14.548820 5612.000000 
14.575069 5620.000000 
14.601318 5683.000000 
14.627567 5530.000000 
14.653816 5682.000000 
14.680065 5664.000000 
14.706314 5628.000000 
14.732563 5476.000000 
14.758812 5541.000000 
14.785062 5683.000000 
14.811311 5513.000000 
14.837560 5629.000000 
14.863809 5548.000000 
14.890058 5699.000000 
14.916307 5676.000000 
14.942556 5651.000000 
14.968805 5617.000000 
14.995054 5613.000000 
15.021303 5643.000000 
15.047552 5707.000000 
15.073801 5635.000000 
15.100050 5807.000000 
15.126299 5766.000000 
15.152549 5681.000000 
15.178798 5724.000000 
15.205047 5550.000000 
15.231296 5714.000000 
15.257545 5692.000000 
15.283794 5639.000000 
15.310043 5626.000000 
15.336292 5825.000000 
15.362541 5703.000000 
15.388790 5771.000000 
15.415039 5793.000000 
15.441288 5639.000000 
15.467537 5673.000000 
15.493786 5594.000000 
15.520036 5655.000000 
15.546285 5593.000000 
15.572534 5619.000000 
15.598783 5657.000000 
15.625032 5746.000000 
15.651281 5657.000000 
15.677530 5488.000000 
15.703779 5647.000000 
15.730028 5620.000000 
15.756277 5684.000000 
15.782526 5612.000000 
15.808775 5648.000000 
15.835024 5559.000000 
15.861274 5596.000000 
15.887523 5548.000000 
15.913772 5824.000000 
15.940021 5610.000000 
15.966270 5681.000000 
15.992519 5770.000000 
16.018768 5642.000000 
16.045017 5545.000000 
16.071266 5527.000000 
16.097515 5543.000000 
16.123764 5716.000000 
16.150013 5589.000000 
16.176262 5690.000000 
16.202511 5620.000000 
16.228761 5662.000000 
16.255010 5647.000000 
16.281259 5769.000000 
16.307508 5741.000000 
16.333757 5868.000000 
16.360006 5696.000000 
16.386255 5685.000000 
16.412504 5731.000000 
16.438753 5685.000000 
16.465002 5645.000000 
16.491251 5800.000000 
16.517500 5833.000000 
16.543749 5609.000000 
16.569998 5729.000000 
16.596248 5643.000000 
16.622497 5785.000000 
16.648746 5648.000000 
16.674995 5732.000000 
16.701244 5697.000000 
16.727493 5822.000000 
16.753742 5714.000000 
16.779991 5618.000000 
16.806240 5624.000000 
16.832489 5654.000000 
16.858738 5658.000000 
16.884987 5697.000000 
16.911236 5761.000000 
16.937485 5620.000000 
16.963735 5609.000000 
16.989984 5878.000000 
17.016233 5717.000000 
17.042482 5750.000000 
17.068731 5710.000000 
17.094980 5815.000000 
17.121229 5723.000000 
17.147478 5801.000000 
17.173727 5611.000000 
17.199976 5692.000000 
17.226225 5611.000000 
17.252474 5776.000000 
17.278723 5609.000000 
17.304973 5832.000000 
17.331222 5836.000000 
17.357471 5658.000000 
17.383720 5993.000000 
17.409969 5700.000000 
17.436218 5772.000000 
17.462467 5758.000000 
17.488716 5786.000000 
17.514965 5765.000000 
17.541214 5788.000000 
17.567463 5697.000000 
17.593712 5862.000000 
17.619961 5862.000000 
17.646210 5614.000000 
17.672460 5729.000000 
17.698709 5698.000000 
17.724958 5770.000000 
17.751207 5632.000000 
17.777456 5809.000000 
17.803705 5640.000000 
17.829954 5673.000000 
17.856203 5743.000000 
17.882452 5669.000000 
17.908701 5711.000000 
17.934950 5733.000000 
17.961199 5762.000000 
17.987448 5725.000000 
18.013697 5758.000000 
18.039947 5825.000000 
18.066196 5753.000000 
18.092445 5765.000000 
18.118694 5728.000000 
18.144943 5762.000000 
18.171192 5869.000000 
18.197441 5829.000000 
18.223690 5783.000000 
18.249939 5716.000000 
18.276188 5717.000000 
18.302437 5878.000000 
18.328686 5956.000000 
18.354935 6071.000000 
18.381184 6190.000000 
18.407434 6575.000000 
18.433683 6404.000000 
18.459932 6389.000000 
18.486181 6359.000000 
18.512430 6128.000000 
18.538679 5780.000000 
18.564928 5744.000000 
18.591177 5646.000000 
18.617426 5798.000000 
18.643675 5647.000000 
18.669924 5853.000000 
18.696173 5759.000000 
18.722422 5898.000000 
18.748672 5977.000000 
18.774921 5733.000000 
18.801170 5631.000000 
18.827419 5723.000000 
18.853668 5663.000000 
18.879917 5745.000000 
18.906166 5870.000000 
18.932415 5759.000000 
18.958664 5689.000000 
18.984913 5848.000000 
19.011162 5732.000000 
19.037411 5748.000000 
19.063660 5798.000000 
19.089909 5764.000000 
19.116159 5603.000000 
19.142408 5708.000000 
19.168657 5668.000000 
19.194906 5851.000000 
19.221155 5656.000000 
19.247404 5724.000000 
19.273653 5673.000000 
19.299902 5734.000000 
19.326151 5791.000000 
19.352400 5667.000000 
19.378649 5732.000000 
19.404898 5556.000000 
19.431147 5805.000000 
19.457396 5674.000000 
19.483646 5747.000000 
19.509895 5673.000000 
19.536144 5625.000000 
19.562393 5856.000000 
19.588642 5634.000000 
19.614891 5779.000000 
19.641140 5712.000000 
19.667389 5716.000000 
19.693638 5635.000000 
19.719887 5623.000000 
19.746136 5595.000000 
19.772385 5791.000000 
19.798634 5601.000000 
19.824883 5780.000000 
19.851133 5710.000000 
19.877382 5849.000000 
19.903631 5695.000000 
19.929880 5733.000000 
19.956129 5777.000000 
19.982378 5798.000000 
20.008627 5805.000000 
20.034876 5653.000000 
20.061125 5756.000000 
20.087374 5859.000000 
20.113623 5756.000000 
20.139872 5619.000000 
20.166121 5751.000000 
20.192371 5710.000000 
20.218620 5602.000000 
20.244869 5719.000000 
20.271118 5635.000000 
20.297367 5674.000000 
20.323616 5890.000000 
20.349865 5541.000000 
20.376114 5702.000000 
20.402363 5843.000000 
20.428612 5717.000000 
20.454861 5618.000000 
20.481110 5647.000000 
20.507359 5729.000000 
20.533608 5685.000000 
20.559858 5720.000000 
20.586107 5749.000000 
20.612356 5742.000000 
20.638605 5835.000000 
20.664854 5650.000000 
20.691103 5811.000000 
20.717352 5705.000000 
20.743601 5767.000000 
20.769850 5773.000000 
20.796099 5580.000000 
20.822348 5653.000000 
20.848597 5708.000000 
20.874846 5743.000000 
20.901095 5687.000000 
20.927345 5723.000000 
20.953594 5656.000000 
20.979843 5852.000000 
21.006092 5773.000000 
21.032341 5579.000000 
21.058590 5680.000000 
21.084839 5516.000000 
21.111088 5600.000000 
21.137337 5643.000000 
21.163586 5667.000000 
21.189835 5654.000000 
21.216084 5708.000000 
21.242333 5741.000000 
21.268582 5609.000000 
21.294832 5613.000000 
21.321081 5563.000000 
21.347330 5537.000000 
21.373579 5794.000000 
21.399828 5706.000000 
21.426077 5766.000000 
21.452326 5794.000000 
21.478575 5663.000000 
21.504824 5836.000000 
21.531073 5713.000000 
21.557322 5769.000000 
21.583571 5659.000000 
21.609820 5667.000000 
21.636070 5691.000000 
21.662319 5665.000000 
21.688568 5762.000000 
21.714817 5617.000000 
21.741066 5839.000000 
21.767315 5741.000000 
21.793564 5530.000000 
21.819813 5818.000000 
21.846062 5600.000000 
21.872311 5706.000000 
21.898560 5688.000000 
21.924809 5579.000000 
21.951058 5767.000000 
21.977307 5593.000000 
22.003557 5569.000000 
22.029806 5631.000000 
22.056055 5711.000000 
22.082304 5715.000000 
22.108553 5823.000000 
22.134802 5600.000000 
22.161051 5629.000000 
22.187300 5487.000000 
22.213549 5610.000000 
22.239798 5743.000000 
22.266047 5606.000000 
22.292296 5696.000000 
22.318545 5785.000000 
22.344794 5637.000000 
22.371044 5692.000000 
22.397293 5704.000000 
22.423542 5701.000000 
22.449791 5691.000000 
22.476040 5820.000000 
22.502289 5614.000000 
22.528538 5690.000000 
22.554787 5600.000000 
22.581036 5729.000000 
22.607285 5839.000000 
22.633534 5705.000000 
22.659783 5519.000000 
22.686032 5541.000000 
22.712281 5627.000000 
22.738531 5640.000000 
22.764780 5536.000000 
22.791029 5543.000000 
22.817278 5742.000000 
22.843527 5689.000000 
22.869776 5486.000000 
22.896025 5548.000000 
22.922274 5745.000000 
22.948523 5692.000000 
22.974772 5633.000000 
23.001021 5599.000000 
23.027270 5572.000000 
23.053519 5742.000000 
23.079769 5519.000000 
23.106018 5707.000000 
23.132267 5768.000000 
23.158516 5645.000000 
23.184765 5595.000000 
23.211014 5590.000000 
23.237263 5667.000000 
23.263512 5633.000000 
23.289761 5625.000000 
23.316010 5583.000000 
23.342259 5652.000000 
23.368508 5649.000000 
23.394757 5866.000000 
23.421006 5729.000000 
23.447256 5661.000000 
23.473505 5603.000000 
23.499754 5696.000000 
23.526003 5632.000000 
23.552252 5646.000000 
23.578501 5550.000000 
23.604750 5634.000000 
23.630999 5581.000000 
23.657248 5528.000000 
23.683497 5602.000000 
23.709746 5644.000000 
23.735995 5673.000000 
23.762244 5708.000000 
23.788493 5727.000000 
23.814743 5729.000000 
23.840992 5517.000000 
23.867241 5716.000000 
23.893490 5594.000000 
23.919739 5622.000000 
23.945988 5637.000000 
23.972237 5707.000000 
23.998486 5680.000000 
24.024735 5768.000000 
24.050984 5590.000000 
24.077233 5560.000000 
24.103482 5601.000000 
24.129731 5634.000000 
24.155981 5574.000000 
24.182230 5596.000000 
24.208479 5751.000000 
24.234728 5838.000000 
24.260977 5744.000000 
24.287226 5838.000000 
24.313475 5722.000000 
24.339724 5687.000000 
24.365973 5580.000000 
24.392222 5570.000000 
24.418471 5608.000000 
24.444720 5573.000000 
24.470969 5538.000000 
24.497218 5619.000000 
24.523468 5527.000000 
24.549717 5680.000000 
24.575966 5572.000000 
24.602215 5585.000000 
24.628464 5591.000000 
24.654713 5621.000000 
24.680962 5552.000000 
24.707211 5479.000000 
24.733460 5660.000000 
24.759709 5757.000000 
24.785958 5634.000000 
24.812207 5621.000000 
24.838456 5631.000000 
24.864705 5849.000000 
24.890955 5706.000000 
24.917204 5567.000000 
24.943453 5464.000000 
24.969702 5547.000000 
24.995951 5561.000000 
25.022200 5657.000000 
25.048449 5676.000000 
25.074698 5681.000000 
25.100947 5611.000000 
25.127196 5632.000000 
25.153445 5659.000000 
25.179694 5650.000000 
25.205943 5520.000000 
25.232192 5673.000000 
25.258442 5648.000000 
25.284691 5635.000000 
25.310940 5640.000000 
25.337189 5490.000000 
25.363438 5704.000000 
25.389687 5758.000000 
25.415936 5640.000000 
25.442185 5712.000000 
25.468434 5565.000000 
25.494683 5452.000000 
25.520932 5569.000000 
25.547181 5453.000000 
25.573430 5587.000000 
25.599680 5563.000000 
25.625929 5720.000000 
25.652178 5623.000000 
25.678427 5622.000000 
25.704676 5495.000000 
25.730925 5729.000000 
25.757174 5491.000000 
25.783423 5535.000000 
25.809672 5549.000000 
25.835921 5546.000000 
25.862170 5588.000000 
25.888419 5498.000000 
25.914668 5512.000000 
25.940917 5698.000000 
25.967167 5679.000000 
25.993416 5566.000000 
26.019665 5676.000000 
26.045914 5621.000000 
26.072163 5602.000000 
26.098412 5593.000000 
26.124661 5550.000000 
26.150910 5547.000000 
26.177159 5717.000000 
26.203408 5728.000000 
26.229657 5489.000000 
26.255906 5507.000000 
26.282155 5541.000000 
26.308404 5501.000000 
26.334654 5698.000000 
26.360903 5518.000000 
26.387152 5605.000000 
26.413401 5613.000000 
26.439650 5646.000000 
26.465899 5687.000000 
26.492148 5464.000000 
26.518397 5531.000000 
26.544646 5557.000000 
26.570895 5662.000000 
26.597144 5629.000000 
26.623393 5687.000000 
26.649642 5812.000000 
26.675891 5838.000000 
26.702141 5883.000000 
26.728390 5953.000000 
26.754639 6204.000000 
26.780888 6148.000000 
26.807137 5827.000000 
26.833386 5725.000000 
26.859635 5574.000000 
26.885884 5574.000000 
26.912133 5493.000000 
26.938382 5514.000000 
26.964631 5649.000000 
26.990880 5655.000000 
27.017129 5618.000000 
27.043379 5608.000000 
27.069628 5597.000000 
27.095877 5631.000000 
27.122126 5642.000000 
27.148375 5572.000000 
27.174624 5625.000000 
27.200873 5673.000000 
27.227122 5644.000000 
27.253371 5770.000000 
27.279620 5603.000000 
27.305869 5685.000000 
27.332118 5617.000000 
27.358367 5604.000000 
27.384616 5512.000000 
27.410866 5463.000000 
27.437115 5514.000000 
27.463364 5554.000000 
27.489613 5431.000000 
27.515862 5498.000000 
27.542111 5588.000000 
27.568360 5426.000000 
27.594609 5479.000000 
27.620858 5637.000000 
27.647107 5504.000000 
27.673356 5653.000000 
27.699605 5603.000000 
27.725854 5715.000000 
27.752103 5504.000000 
27.778353 5622.000000 
27.804602 5589.000000 
27.830851 5530.000000 
27.857100 5652.000000 
27.883349 5545.000000 
27.909598 5513.000000 
27.935847 5604.000000 
27.962096 5636.000000 
27.988345 5607.000000 
28.014594 5550.000000 
28.040843 5446.000000 
28.067092 5585.000000 
28.093341 5598.000000 
28.119590 5778.000000 
28.145840 5425.000000 
28.172089 5609.000000 
28.198338 5480.000000 
28.224587 5523.000000 
28.250836 5624.000000 
28.277085 5554.000000 
28.303334 5394.000000 
28.329583 5514.000000 
28.355832 5525.000000 
28.382081 5699.000000 
28.408330 5496.000000 
28.434579 5631.000000 
28.460828 5524.000000 
28.487078 5601.000000 
28.513327 5600.000000 
28.539576 5538.000000 
28.565825 5630.000000 
28.592074 5603.000000 
28.618323 5611.000000 
28.644572 5438.000000 
28.670821 5569.000000 
28.697070 5632.000000 
28.723319 5423.000000 
28.749568 5651.000000 
28.775817 5534.000000 
28.802066 5584.000000 
28.828315 5389.000000 
28.854565 5449.000000 
28.880814 5535.000000 
28.907063 5438.000000 
28.933312 5685.000000 
28.959561 5502.000000 
28.985810 5633.000000 
29.012059 5622.000000 
29.038308 5538.000000 
29.064557 5628.000000 
29.090806 5798.000000 
29.117055 5736.000000 
29.143304 5580.000000 
29.169553 5611.000000 
29.195802 5517.000000 
29.222052 5673.000000 
29.248301 5555.000000 
29.274550 5424.000000 
29.300799 5595.000000 
29.327048 5707.000000 
29.353297 5440.000000 
29.379546 5564.000000 
29.405795 5500.000000 
29.432044 5580.000000 
29.458293 5563.000000 
29.484542 5432.000000 
29.510791 5671.000000 
29.537040 5719.000000 
29.563289 5516.000000 
29.589539 5569.000000 
29.615788 5524.000000 
29.642037 5709.000000 
29.668286 5662.000000 
29.694535 5484.000000 
29.720784 5531.000000 
29.747033 5576.000000 
29.773282 5636.000000 
29.799531 5647.000000 
29.825780 5666.000000 
29.852029 5577.000000 
29.878278 5491.000000 
29.904527 5659.000000 
29.930777 5573.000000 
29.957026 5607.000000 
29.983275 5769.000000 
30.009524 5549.000000 
30.035773 5603.000000 
30.062022 5811.000000 
30.088271 6049.000000 
30.114520 6145.000000 
30.140769 6492.000000 
30.167018 6996.000000 
30.193267 7412.000000 
30.219516 7673.000000 
30.245765 7613.000000 
30.272014 7434.000000 
30.298264 7245.000000 
30.324513 6813.000000 
30.350762 6585.000000 
30.377011 6453.000000 
30.403260 6118.000000 
30.429509 5929.000000 
30.455758 5994.000000 
30.482007 5867.000000 
30.508256 5734.000000 
30.534505 5657.000000 
30.560754 5762.000000 
30.587003 5550.000000 
30.613252 5644.000000 
30.639501 5605.000000 
30.665751 5591.000000 
30.692000 5500.000000 
30.718249 5496.000000 
30.744498 5467.000000 
30.770747 5671.000000 
30.796996 5490.000000 
30.823245 5525.000000 
30.849494 5381.000000 
30.875743 5480.000000 
30.901992 5543.000000 
30.928241 5517.000000 
30.954490 5465.000000 
30.980739 5461.000000 
31.006988 5541.000000 
31.033238 5370.000000 
31.059487 5451.000000 
31.085736 5455.000000 
31.111985 5462.000000 
31.138234 5538.000000 
31.164483 5595.000000 
31.190732 5471.000000 
31.216981 5488.000000 
31.243230 5436.000000 
31.269479 5485.000000 
31.295728 5654.000000 
31.321977 5461.000000 
31.348226 5533.000000 
31.374476 5448.000000 
31.400725 5524.000000 
31.426974 5432.000000 
31.453223 5538.000000 
31.479472 5626.000000 
31.505721 5642.000000 
31.531970 5576.000000 
31.558219 5613.000000 
31.584468 5440.000000 
31.610717 5393.000000 
31.636966 5571.000000 
31.663215 5548.000000 
31.689464 5535.000000 
31.715713 5479.000000 
31.741963 5490.000000 
31.768212 5510.000000 
31.794461 5579.000000 
31.820710 5580.000000 
31.846959 5652.000000 
31.873208 5603.000000 
31.899457 5522.000000 
31.925706 5601.000000 
31.951955 5586.000000 
31.978204 5423.000000 
32.004453 5598.000000 
32.030702 5605.000000 
32.056951 5577.000000 
32.083200 5593.000000 
32.109450 5664.000000 
32.135699 5508.000000 
32.161948 5495.000000 
32.188197 5558.000000 
32.214446 5529.000000 
32.240695 5642.000000 
32.266944 5643.000000 
32.293193 5644.000000 
32.319442 5516.000000 
32.345691 5623.000000 
32.371940 5461.000000 
32.398189 5570.000000 
32.424438 5542.000000 
32.450687 5529.000000 
32.476937 5450.000000 
32.503186 5646.000000 
32.529435 5587.000000 
32.555684 5659.000000 
32.581933 5590.000000 
32.608182 5612.000000 
32.634431 5525.000000 
32.660680 5489.000000 
32.686929 5560.000000 
32.713178 5468.000000 
32.739427 5562.000000 
32.765676 5443.000000 
32.791925 5403.000000 
32.818175 5572.000000 
32.844424 5599.000000 
32.870673 5725.000000 
32.896922 5483.000000 
32.923171 5595.000000 
32.949420 5456.000000 
32.975669 5700.000000 
33.001918 5465.000000 
33.028167 5593.000000 
33.054416 5709.000000 
33.080665 5633.000000 
33.106914 5739.000000 
33.133163 5645.000000 
33.159412 5775.000000 
33.185662 5797.000000 
33.211911 5904.000000 
33.238160 5975.000000 
33.264409 5880.000000 
33.290658 5972.000000 
33.316907 5823.000000 
33.343156 5833.000000 
33.369405 5759.000000 
33.395654 5677.000000 
33.421903 5926.000000 
33.448152 5734.000000 
33.474401 5734.000000 
33.500650 5628.000000 
33.526899 5572.000000 
33.553149 5873.000000 
33.579398 5628.000000 
33.605647 5512.000000 
33.631896 5575.000000 
33.658145 5539.000000 
33.684394 5668.000000 
33.710643 5690.000000 
33.736892 5529.000000 
33.763141 5540.000000 
33.789390 5520.000000 
33.815639 5537.000000 
33.841888 5532.000000 
33.868137 5545.000000 
33.894386 5424.000000 
33.920636 5556.000000 
33.946885 5568.000000 
33.973134 5482.000000 
33.999383 5706.000000 
34.025632 5614.000000 
34.051881 5515.000000 
34.078130 5504.000000 
34.104379 5461.000000 
34.130628 5541.000000 
34.156877 5620.000000 
34.183126 5571.000000 
34.209375 5621.000000 
34.235624 5628.000000 
34.261874 5635.000000 
34.288123 5561.000000 
34.314372 5576.000000 
34.340621 5630.000000 
34.366870 5574.000000 
34.393119 5571.000000 
34.419368 5652.000000 
34.445617 5639.000000 
34.471866 5717.000000 
34.498115 5563.000000 
34.524364 5803.000000 
34.550613 5629.000000 
34.576862 5654.000000 
34.603111 5613.000000 
34.629361 5540.000000 
34.655610 5529.000000 
34.681859 5582.000000 
34.708108 5746.000000 
34.734357 5575.000000 
34.760606 5622.000000 
34.786855 5636.000000 
34.813104 5607.000000 
34.839353 5596.000000 
34.865602 5586.000000 
34.891851 5521.000000 
34.918100 5703.000000 
34.944349 5541.000000 
34.970598 5674.000000 
34.996848 5814.000000 
35.023097 5641.000000 
35.049346 5602.000000 
35.075595 5745.000000 
35.101844 5879.000000 
35.128093 5887.000000 
35.154342 5697.000000 
35.180591 5624.000000 
35.206840 5720.000000 
35.233089 5717.000000 
35.259338 5832.000000 
35.285587 5831.000000 
35.311836 5800.000000 
35.338085 5858.000000 
35.364335 6197.000000 
35.390584 6301.000000 
35.416833 6854.000000 
35.443082 7070.000000 
35.469331 7998.000000 
35.495580 9062.000000 
35.521829 10841.000000 
35.548078 12731.000000 
35.574327 13769.000000 
35.600576 13214.000000 
35.626825 12603.000000 
35.653074 11801.000000 
35.679323 11103.000000 
35.705573 10093.000000 
35.731822 8860.000000 
35.758071 8139.000000 
35.784320 7479.000000 
35.810569 7169.000000 
35.836818 6766.000000 
35.863067 6534.000000 
35.889316 6296.000000 
35.915565 6185.000000 
35.941814 6028.000000 
35.968063 6006.000000 
35.994312 5861.000000 
36.020561 5688.000000 
36.046810 5776.000000 
36.073060 5706.000000 
36.099309 5559.000000 
36.125558 5716.000000 
36.151807 5609.000000 
36.178056 5606.000000 
36.204305 5625.000000 
36.230554 5725.000000 
36.256803 5751.000000 
36.283052 5623.000000 
36.309301 5544.000000 
36.335550 5656.000000 
36.361799 5514.000000 
36.388048 5604.000000 
36.414297 5666.000000 
36.440547 5682.000000 
36.466796 5564.000000 
36.493045 5612.000000 
36.519294 5631.000000 
36.545543 5566.000000 
36.571792 5654.000000 
36.598041 5665.000000 
36.624290 5681.000000 
36.650539 5512.000000 
36.676788 5759.000000 
36.703037 5698.000000 
36.729286 5475.000000 
36.755535 5527.000000 
36.781785 5655.000000 
36.808034 5619.000000 
36.834283 5726.000000 
36.860532 5703.000000 
36.886781 5486.000000 
36.913030 5606.000000 
36.939279 5672.000000 
36.965528 5548.000000 
36.991777 5603.000000 
37.018026 5534.000000 
37.044275 5537.000000 
37.070524 5645.000000 
37.096773 5599.000000 
37.123022 5838.000000 
37.149272 6021.000000 
37.175521 5884.000000 
37.201770 6022.000000 
37.228019 5924.000000 
37.254268 6021.000000 
37.280517 6037.000000 
37.306766 5725.000000 
37.333015 5762.000000 
37.359264 5777.000000 
37.385513 5696.000000 
37.411762 5591.000000 
37.438011 5704.000000 
37.464260 5599.000000 
37.490509 5515.000000 
37.516759 5617.000000 
37.543008 5469.000000 
37.569257 5572.000000 
37.595506 5831.000000 
37.621755 5488.000000 
37.648004 5620.000000 
37.674253 5554.000000 
37.700502 5457.000000 
37.726751 5445.000000 
37.753000 5634.000000 
37.779249 5430.000000 
37.805498 5500.000000 
37.831747 5470.000000 
37.857996 5520.000000 
37.884246 5603.000000 
37.910495 5530.000000 
37.936744 5545.000000 
37.962993 5512.000000 
37.989242 5472.000000 
38.015491 5501.000000 
38.041740 5430.000000 
38.067989 5474.000000 
38.094238 5551.000000 
38.120487 5545.000000 
38.146736 5570.000000 
38.172985 5426.000000 
38.199234 5535.000000 
38.225484 5665.000000 
38.251733 5658.000000 
38.277982 5510.000000 
38.304231 5445.000000 
38.330480 5469.000000 
38.356729 5610.000000 
38.382978 5623.000000 
38.409227 5520.000000 
38.435476 5441.000000 
38.461725 5643.000000 
38.487974 5504.000000 
38.514223 5551.000000 
38.540472 5491.000000 
38.566721 5523.000000 
38.592971 5495.000000 
38.619220 5506.000000 
38.645469 5675.000000 
38.671718 5557.000000 
38.697967 5549.000000 
38.724216 5603.000000 
38.750465 5588.000000 
38.776714 5536.000000 
38.802963 5603.000000 
38.829212 5503.000000 
38.855461 5541.000000 
38.881710 5495.000000 
38.907959 5603.000000 
38.934208 5402.000000 
38.960458 5552.000000 
38.986707 5532.000000 
39.012956 5599.000000 
39.039205 5507.000000 
39.065454 5507.000000 
39.091703 5620.000000 
39.117952 5439.000000 
39.144201 5410.000000 
39.170450 5518.000000 
39.196699 5554.000000 
39.222948 5567.000000 
39.249197 5654.000000 
39.275446 5478.000000 
39.301695 5614.000000 
39.327945 5608.000000 
39.354194 5601.000000 
39.380443 5532.000000 
39.406692 5720.000000 
39.432941 5517.000000 
39.459190 5527.000000 
39.485439 5590.000000 
39.511688 5583.000000 
39.537937 5627.000000 
39.564186 5622.000000 
39.590435 5743.000000 
39.616684 5537.000000 
39.642933 5581.000000 
39.669183 5619.000000 
39.695432 5474.000000 
39.721681 5475.000000 
39.747930 5476.000000 
39.774179 5459.000000 
39.800428 5657.000000 
39.826677 5580.000000 
39.852926 5521.000000 
39.879175 5455.000000 
39.905424 5616.000000 
39.931673 5546.000000 
39.957922 5522.000000 
39.984171 5480.000000 
40.010420 5556.000000 
40.036670 5516.000000 
40.062919 5526.000000 
40.089168 5495.000000 
40.115417 5596.000000 
40.141666 5479.000000 
40.167915 5614.000000 
40.194164 5588.000000 
40.220413 5531.000000 
40.246662 5636.000000 
40.272911 5652.000000 
40.299160 5597.000000 
40.325409 5491.000000 
40.351658 5534.000000 
40.377907 5676.000000 
40.404157 5613.000000 
40.430406 5587.000000 
40.456655 5494.000000 
40.482904 5643.000000 
40.509153 5410.000000 
40.535402 5561.000000 
40.561651 5615.000000 
40.587900 5727.000000 
40.614149 5579.000000 
40.640398 5565.000000 
40.666647 5597.000000 
40.692896 5634.000000 
40.719145 5591.000000 
40.745394 5491.000000 
40.771644 5514.000000 
40.797893 5602.000000 
40.824142 5578.000000 
40.850391 5752.000000 
40.876640 5666.000000 
40.902889 5792.000000 
40.929138 5793.000000 
40.955387 5864.000000 
40.981636 5611.000000 
41.007885 5625.000000 
41.034134 5614.000000 
41.060383 5612.000000 
41.086632 5727.000000 
41.112882 5574.000000 
41.139131 5481.000000 
41.165380 5708.000000 
41.191629 5643.000000 
41.217878 5622.000000 
41.244127 5631.000000 
41.270376 5589.000000 
41.296625 5702.000000 
41.322874 5544.000000 
41.349123 5544.000000 
41.375372 5600.000000 
41.401621 5460.000000 
41.427870 5620.000000 
41.454119 5653.000000 
41.480369 5562.000000 
41.506618 5586.000000 
41.532867 5641.000000 
41.559116 5658.000000 
41.585365 5482.000000 
41.611614 5617.000000 
41.637863 5566.000000 
41.664112 5545.000000 
41.690361 5641.000000 
41.716610 5550.000000 
41.742859 5681.000000 
41.769108 5583.000000 
41.795357 5694.000000 
41.821606 5602.000000 
41.847856 5599.000000 
41.874105 5741.000000 
41.900354 5417.000000 
41.926603 5665.000000 
41.952852 5551.000000 
41.979101 5648.000000 
42.005350 5639.000000 
42.031599 5681.000000 
42.057848 5581.000000 
42.084097 5687.000000 
42.110346 5584.000000 
42.136595 5558.000000 
42.162844 5517.000000 
42.189093 5625.000000 
42.215343 5586.000000 
42.241592 5602.000000 
42.267841 5481.000000 
42.294090 5605.000000 
42.320339 5701.000000 
42.346588 5710.000000 
42.372837 5539.000000 
42.399086 5568.000000 
42.425335 5720.000000 
42.451584 5534.000000 
42.477833 5446.000000 
42.504082 5614.000000 
42.530331 5579.000000 
42.556581 5520.000000 
42.582830 5667.000000 
42.609079 5752.000000 
42.635328 5515.000000 
42.661577 5641.000000 
42.687826 5549.000000 
42.714075 5627.000000 
42.740324 5675.000000 
42.766573 5676.000000 
42.792822 5545.000000 
42.819071 5578.000000 
42.845320 5813.000000 
42.871569 5508.000000 
42.897818 5472.000000 
42.924068 5784.000000 
42.950317 5593.000000 
42.976566 5699.000000 
43.002815 5643.000000 
43.029064 5788.000000 
43.055313 5833.000000 
43.081562 6165.000000 
43.107811 6320.000000 
43.134060 6731.000000 
43.160309 7163.000000 
43.186558 7337.000000 
43.212807 7407.000000 
43.239056 6970.000000 
43.265305 6820.000000 
43.291555 6941.000000 
43.317804 6832.000000 
43.344053 6540.000000 
43.370302 6217.000000 
43.396551 6159.000000 
43.422800 6196.000000 
43.449049 5897.000000 
43.475298 5787.000000 
43.501547 5814.000000 
43.527796 5963.000000 
43.554045 5907.000000 
43.580294 5726.000000 
43.606543 5567.000000 
43.632792 5568.000000 
43.659042 5604.000000 
43.685291 5645.000000 
43.711540 5707.000000 
43.737789 5609.000000 
43.764038 5646.000000 
43.790287 5679.000000 
43.816536 5555.000000 
43.842785 5648.000000 
43.869034 5545.000000 
43.895283 5582.000000 
43.921532 5527.000000 
43.947781 5621.000000 
43.974030 5530.000000 
44.000280 5669.000000 
44.026529 5687.000000 
44.052778 5488.000000 
44.079027 5604.000000 
44.105276 5527.000000 
44.131525 5627.000000 
44.157774 5771.000000 
44.184023 5617.000000 
44.210272 5658.000000 
44.236521 5564.000000 
44.262770 5456.000000 
44.289019 5686.000000 
44.315268 5630.000000 
44.341517 5513.000000 
44.367767 5645.000000 
44.394016 5530.000000 
44.420265 5504.000000 
44.446514 5561.000000 
44.472763 5543.000000 
44.499012 5582.000000 
44.525261 5742.000000 
44.551510 5419.000000 
44.577759 5731.000000 
44.604008 5508.000000 
44.630257 5604.000000 
44.656506 5642.000000 
44.682755 5760.000000 
44.709004 5550.000000 
44.735254 5590.000000 
44.761503 5553.000000 
44.787752 5562.000000 
44.814001 5727.000000 
44.840250 5635.000000 
44.866499 5597.000000 
44.892748 5431.000000 
44.918997 5461.000000 
44.945246 5606.000000 
44.971495 5547.000000 
44.997744 5566.000000 
45.023993 5666.000000 
45.050242 5591.000000 
45.076491 5574.000000 
45.102741 5603.000000 
45.128990 5547.000000 
45.155239 5616.000000 
45.181488 5478.000000 
45.207737 5569.000000 
45.233986 5573.000000 
45.260235 5570.000000 
45.286484 5543.000000 
45.312733 5583.000000 
45.338982 5625.000000 
45.365231 5510.000000 
45.391480 5680.000000 
45.417729 5596.000000 
45.443979 5621.000000 
45.470228 5612.000000 
45.496477 5549.000000 
45.522726 5582.000000 
45.548975 5536.000000 
45.575224 5649.000000 
45.601473 5589.000000 
45.627722 5658.000000 
45.653971 5666.000000 
45.680220 5622.000000 
45.706469 5601.000000 
45.732718 5598.000000 
45.758967 5586.000000 
45.785216 5598.000000 
45.811466 5644.000000 
45.837715 5631.000000 
45.863964 5570.000000 
45.890213 5524.000000 
45.916462 5684.000000 
45.942711 5579.000000 
45.968960 5626.000000 
45.995209 5477.000000 
46.021458 5511.000000 
46.047707 5594.000000 
46.073956 5663.000000 
46.100205 5498.000000 
46.126454 5550.000000 
46.152703 5710.000000 
46.178953 5713.000000 
46.205202 5651.000000 
46.231451 5612.000000 
46.257700 5747.000000 
46.283949 5603.000000 
46.310198 5494.000000 
46.336447 5458.000000 
46.362696 5462.000000 
46.388945 5517.000000 
46.415194 5572.000000 
46.441443 5592.000000 
46.467692 5603.000000 
46.493941 5449.000000 
46.520190 5629.000000 
46.546440 5604.000000 
46.572689 5440.000000 
46.598938 5501.000000 
46.625187 5615.000000 
46.651436 5593.000000 
46.677685 5658.000000 
46.703934 5633.000000 
46.730183 5689.000000 
46.756432 5568.000000 
46.782681 5605.000000 
46.808930 5655.000000 
46.835179 5593.000000 
46.861428 5488.000000 
46.887678 5590.000000 
46.913927 5527.000000 
46.940176 5644.000000 
46.966425 5599.000000 
46.992674 5485.000000 
47.018923 5661.000000 
47.045172 5701.000000 
47.071421 5689.000000 
47.097670 5516.000000 
47.123919 5687.000000 
47.150168 5556.000000 
47.176417 5487.000000 
47.202666 5564.000000 
47.228915 5687.000000 
47.255165 5488.000000 
47.281414 5676.000000 
47.307663 5616.000000 
47.333912 5547.000000 
47.360161 5520.000000 
47.386410 5622.000000 
47.412659 5686.000000 
47.438908 5468.000000 
47.465157 5568.000000 
47.491406 5622.000000 
47.517655 5490.000000 
47.543904 5618.000000 
47.570153 5505.000000 
47.596402 5673.000000 
47.622652 5655.000000 
47.648901 5587.000000 
47.675150 5630.000000 
47.701399 5467.000000 
47.727648 5514.000000 
47.753897 5518.000000 
47.780146 5503.000000 
47.806395 5616.000000 
47.832644 5631.000000 
47.858893 5548.000000 
47.885142 5550.000000 
47.911391 5507.000000 
47.937640 5553.000000 
47.963889 5677.000000 
47.990139 5619.000000 
48.016388 5655.000000 
48.042637 5622.000000 
48.068886 5481.000000 
48.095135 5617.000000 
48.121384 5625.000000 
48.147633 5593.000000 
48.173882 5539.000000 
48.200131 5590.000000 
48.226380 5561.000000 
48.252629 5680.000000 
48.278878 5599.000000 
48.305127 5460.000000 
48.331377 5615.000000 
48.357626 5738.000000 
48.383875 5707.000000 
48.410124 5577.000000 
48.436373 5564.000000 
48.462622 5654.000000 
48.488871 5592.000000 
48.515120 5573.000000 
48.541369 5546.000000 
48.567618 5508.000000 
48.593867 5595.000000 
48.620116 5695.000000 
48.646365 5617.000000 
48.672614 5531.000000 
48.698864 5715.000000 
48.725113 5549.000000 
48.751362 5630.000000 
48.777611 5571.000000 
48.803860 5595.000000 
48.830109 5648.000000 
48.856358 5657.000000 
48.882607 5613.000000 
48.908856 5618.000000 
48.935105 5567.000000 
48.961354 5641.000000 
48.987603 5685.000000 
49.013852 5560.000000 
49.040101 5589.000000 
49.066351 5688.000000 
49.092600 5562.000000 
49.118849 5642.000000 
49.145098 5711.000000 
49.171347 5545.000000 
49.197596 5628.000000 
49.223845 5598.000000 
49.250094 5721.000000 
49.276343 5750.000000 
49.302592 5631.000000 
49.328841 5662.000000 
49.355090 5575.000000 
49.381339 5624.000000 
49.407589 5659.000000 
49.433838 5544.000000 
49.460087 5838.000000 
49.486336 5692.000000 
49.512585 5799.000000 
49.538834 5794.000000 
49.565083 5479.000000 
49.591332 5742.000000 
49.617581 5724.000000 
49.643830 5667.000000 
49.670079 5747.000000 
49.696328 5698.000000 
49.722577 5639.000000 
49.748826 5649.000000 
49.775076 5453.000000 
49.801325 5752.000000 
49.827574 5639.000000 
49.853823 5682.000000 
49.880072 5654.000000 
49.906321 5680.000000 
49.932570 5645.000000 
49.958819 5618.000000 
49.985068 5558.000000 
50.011317 5666.000000 
50.037566 5558.000000 
50.063815 5550.000000 
50.090064 5508.000000 
50.116313 5699.000000 
50.142563 5580.000000 
50.168812 5570.000000 
50.195061 5667.000000 
50.221310 5668.000000 
50.247559 5783.000000 
50.273808 5498.000000 
50.300057 5617.000000 
50.326306 5775.000000 
50.352555 5673.000000 
50.378804 5780.000000 
50.405053 5566.000000 
50.431302 5741.000000 
50.457551 5601.000000 
50.483800 5605.000000 
50.510050 5602.000000 
50.536299 5697.000000 
50.562548 5602.000000 
50.588797 5572.000000 
50.615046 5637.000000 
50.641295 5707.000000 
50.667544 5638.000000 
50.693793 5441.000000 
50.720042 5743.000000 
50.746291 5637.000000 
50.772540 5694.000000 
50.798789 5622.000000 
50.825038 5581.000000 
50.851288 5522.000000 
50.877537 5719.000000 
50.903786 5518.000000 
50.930035 5664.000000 
50.956284 5652.000000 
50.982533 5645.000000 
51.008782 5804.000000 
51.035031 5469.000000 
51.061280 5762.000000 
51.087529 5597.000000 
51.113778 5520.000000 
51.140027 5709.000000 
51.166276 5634.000000 
51.192525 5622.000000 
51.218775 5660.000000 
51.245024 5699.000000 
51.271273 5649.000000 
51.297522 5642.000000 
51.323771 5624.000000 
51.350020 5705.000000 
51.376269 5608.000000 
51.402518 5632.000000 
51.428767 5666.000000 
51.455016 5730.000000 
51.481265 5599.000000 
51.507514 5714.000000 
51.533763 5657.000000 
51.560012 5546.000000 
51.586262 5505.000000 
51.612511 5628.000000 
51.638760 5489.000000 
51.665009 5506.000000 
51.691258 5672.000000 
51.717507 5529.000000 
51.743756 5830.000000 
51.770005 5671.000000 
51.796254 5658.000000 
51.822503 5598.000000 
51.848752 5683.000000 
51.875001 5573.000000 
51.901250 5651.000000 
51.927499 5681.000000 
51.953749 5623.000000 
51.979998 5796.000000 
52.006247 5612.000000 
52.032496 5619.000000 
52.058745 5697.000000 
52.084994 5661.000000 
52.111243 5707.000000 
52.137492 5675.000000 
52.163741 5648.000000 
52.189990 5539.000000 
52.216239 5685.000000 
52.242488 5606.000000 
52.268737 5676.000000 
52.294987 5742.000000 
52.321236 5687.000000 
52.347485 5671.000000 
52.373734 5526.000000 
52.399983 5646.000000 
52.426232 5707.000000 
52.452481 5619.000000 
52.478730 5632.000000 
52.504979 5592.000000 
52.531228 5617.000000 
52.557477 5627.000000 
52.583726 5677.000000 
52.609975 5714.000000 
52.636224 5668.000000 
52.662474 5571.000000 
52.688723 5550.000000 
52.714972 5468.000000 
52.741221 5598.000000 
52.767470 5591.000000 
52.793719 5774.000000 
52.819968 5689.000000 
52.846217 5760.000000 
52.872466 5685.000000 
52.898715 5526.000000 
52.924964 5557.000000 
52.951213 5654.000000 
52.977462 5517.000000 
53.003711 5671.000000 
53.029961 5660.000000 
53.056210 5620.000000 
53.082459 5604.000000 
53.108708 5738.000000 
53.134957 5642.000000 
53.161206 5824.000000 
53.187455 5625.000000 
53.213704 5690.000000 
53.239953 5659.000000 
53.266202 5701.000000 
53.292451 5548.000000 
53.318700 5624.000000 
53.344949 5567.000000 
53.371198 5726.000000 
53.397448 5837.000000 
53.423697 5559.000000 
53.449946 5869.000000 
53.476195 6031.000000 
53.502444 6160.000000 
53.528693 6283.000000 
53.554942 6264.000000 
53.581191 6151.000000 
53.607440 6053.000000 
53.633689 5934.000000 
53.659938 5858.000000 
53.686187 6084.000000 
53.712436 6006.000000 
53.738686 5960.000000 
53.764935 5932.000000 
53.791184 5937.000000 
53.817433 5791.000000 
53.843682 5746.000000 
53.869931 5819.000000 
53.896180 5752.000000 
53.922429 5743.000000 
53.948678 5615.000000 
53.974927 5827.000000 
54.001176 5764.000000 
54.027425 5682.000000 
54.053674 5796.000000 
54.079923 5668.000000 
54.106173 5675.000000 
54.132422 5999.000000 
54.158671 5779.000000 
54.184920 5694.000000 
54.211169 5758.000000 
54.237418 5836.000000 
54.263667 5711.000000 
54.289916 5681.000000 
54.316165 5525.000000 
54.342414 5773.000000 
54.368663 5559.000000 
54.394912 5582.000000 
54.421161 5574.000000 
54.447410 5719.000000 
54.473660 5689.000000 
54.499909 5491.000000 
54.526158 5607.000000 
54.552407 5721.000000 
54.578656 5592.000000 
54.604905 5695.000000 
54.631154 5617.000000 
54.657403 5537.000000 
54.683652 5603.000000 
54.709901 5576.000000 
54.736150 5583.000000 
54.762399 5626.000000 
54.788648 5663.000000 
54.814897 5506.000000 
54.841147 5649.000000 
54.867396 5579.000000 
54.893645 5471.000000 
54.919894 5574.000000 
54.946143 5615.000000 
54.972392 5565.000000 
54.998641 5568.000000 
55.024890 5612.000000 
55.051139 5821.000000 
55.077388 5747.000000 
55.103637 5627.000000 
55.129886 5454.000000 
55.156135 5530.000000 
55.182385 5477.000000 
55.208634 5668.000000 
55.234883 5551.000000 
55.261132 5451.000000 
55.287381 5707.000000 
55.313630 5654.000000 
55.339879 5639.000000 
55.366128 5562.000000 
55.392377 5580.000000 
55.418626 5741.000000 
55.444875 5448.000000 
55.471124 5448.000000 
55.497373 5626.000000 
55.523622 5673.000000 
55.549872 5485.000000 
55.576121 5457.000000 
55.602370 5532.000000 
55.628619 5516.000000 
55.654868 5773.000000 
55.681117 5427.000000 
55.707366 5702.000000 
55.733615 5484.000000 
55.759864 5402.000000 
55.786113 5540.000000 
55.812362 5596.000000 
55.838611 5621.000000 
55.864860 5544.000000 
55.891109 5508.000000 
55.917359 5580.000000 
55.943608 5559.000000 
55.969857 5518.000000 
55.996106 5694.000000 
56.022355 5660.000000 
56.048604 5679.000000 
56.074853 5457.000000 
56.101102 5730.000000 
56.127351 5376.000000 
56.153600 5685.000000 
56.179849 5554.000000 
56.206098 5636.000000 
56.232347 5646.000000 
56.258596 5656.000000 
56.284846 5661.000000 
56.311095 5606.000000 
56.337344 5621.000000 
56.363593 5545.000000 
56.389842 5608.000000 
56.416091 5684.000000 
56.442340 5616.000000 
56.468589 5623.000000 
56.494838 5568.000000 
56.521087 5627.000000 
56.547336 5606.000000 
56.573585 5545.000000 
56.599834 5671.000000 
56.626084 5539.000000 
56.652333 5570.000000 
56.678582 5722.000000 
56.704831 5759.000000 
56.731080 5713.000000 
56.757329 5615.000000 
56.783578 5606.000000 
56.809827 5752.000000 
56.836076 5868.000000 
56.862325 5639.000000 
56.888574 5718.000000 
56.914823 5846.000000 
56.941072 6051.000000 
56.967321 6218.000000 
56.993571 6536.000000 
57.019820 6971.000000 
57.046069 7256.000000 
57.072318 7447.000000 
57.098567 7214.000000 
57.124816 7187.000000 
57.151065 7008.000000 
57.177314 7069.000000 
57.203563 7077.000000 
57.229812 6976.000000 
57.256061 6892.000000 
57.282310 6647.000000 
57.308559 6648.000000 
57.334808 6260.000000 
57.361058 6109.000000 
57.387307 6217.000000 
57.413556 5977.000000 
57.439805 6015.000000 
57.466054 5838.000000 
57.492303 5936.000000 
57.518552 5934.000000 
57.544801 5859.000000 
57.571050 5800.000000 
57.597299 5692.000000 
57.623548 5817.000000 
57.649797 5684.000000 
57.676046 5661.000000 
57.702295 5775.000000 
57.728545 5629.000000 
57.754794 5640.000000 
57.781043 5666.000000 
57.807292 5563.000000 
57.833541 5637.000000 
57.859790 5696.000000 
57.886039 5595.000000 
57.912288 5635.000000 
57.938537 5583.000000 
57.964786 5739.000000 
57.991035 5670.000000 
58.017284 5556.000000 
58.043533 5672.000000 
58.069783 5615.000000 
58.096032 5702.000000 
58.122281 5608.000000 
58.148530 5693.000000 
58.174779 5624.000000 
58.201028 5597.000000 
58.227277 5521.000000 
58.253526 5509.000000 
58.279775 5606.000000 
58.306024 5617.000000 
58.332273 5586.000000 
58.358522 5532.000000 
58.384771 5667.000000 
58.411020 5618.000000 
58.437270 5654.000000 
58.463519 5485.000000 
58.489768 5624.000000 
58.516017 5448.000000 
58.542266 5502.000000 
58.568515 5546.000000 
58.594764 5517.000000 
58.621013 5640.000000 
58.647262 5583.000000 
58.673511 5588.000000 
58.699760 5538.000000 
58.726009 5636.000000 
58.752258 5593.000000 
58.778507 5618.000000 
58.804757 5535.000000 
58.831006 5673.000000 
58.857255 5523.000000 
58.883504 5566.000000 
58.909753 5538.000000 
58.936002 5750.000000 
58.962251 5574.000000 
58.988500 5685.000000 
59.014749 5589.000000 
59.040998 5709.000000 
59.067247 5575.000000 
59.093496 5590.000000 
59.119745 5527.000000 
59.145994 5533.000000 
59.172244 5502.000000 
59.198493 5530.000000 
59.224742 5609.000000 
59.250991 5563.000000 
59.277240 5649.000000 
59.303489 5577.000000 
59.329738 5520.000000 
59.355987 5718.000000 
59.382236 5554.000000 
59.408485 5570.000000 
59.434734 5527.000000 
59.460983 5586.000000 
59.487232 5671.000000 
59.513482 5654.000000 
59.539731 5589.000000 
59.565980 5569.000000 
59.592229 5546.000000 
59.618478 5701.000000 
59.644727 5631.000000 
59.670976 5531.000000 
59.697225 5502.000000 
59.723474 5496.000000 
59.749723 5596.000000 
59.775972 5543.000000 
59.802221 5714.000000 
59.828470 5525.000000 
59.854719 5622.000000 
59.880969 5675.000000 
59.907218 5700.000000 
59.933467 5625.000000 
59.959716 5604.000000 
59.985965 5639.000000 
60.012214 5588.000000 
60.038463 5656.000000 
60.064712 5624.000000 
60.090961 5518.000000 
60.117210 5569.000000 
60.143459 5604.000000 
60.169708 5604.000000 
60.195957 5606.000000 
60.222206 5601.000000 
60.248456 5552.000000 
60.274705 5727.000000 
60.300954 5553.000000 
60.327203 5634.000000 
60.353452 5565.000000 
60.379701 5714.000000 
60.405950 5624.000000 
60.432199 5596.000000 
60.458448 5653.000000 
60.484697 5608.000000 
60.510946 5505.000000 
60.537195 5603.000000 
60.563444 5670.000000 
60.589693 5559.000000 
60.615943 5586.000000 
60.642192 5543.000000 
60.668441 5418.000000 
60.694690 5573.000000 
60.720939 5769.000000 
60.747188 5525.000000 
60.773437 5703.000000 
60.799686 5619.000000 
60.825935 5661.000000 
60.852184 5766.000000 
60.878433 5719.000000 
60.904682 5505.000000 
60.930931 5623.000000 
60.957181 5623.000000 
60.983430 5790.000000 
61.009679 5636.000000 
61.035928 5715.000000 
61.062177 5638.000000 
61.088426 5537.000000 
61.114675 5578.000000 
61.140924 5590.000000 
61.167173 5688.000000 
61.193422 5523.000000 
61.219671 5655.000000 
61.245920 5525.000000 
61.272169 5620.000000 
61.298418 5698.000000 
61.324668 5565.000000 
61.350917 5636.000000 
61.377166 5479.000000 
61.403415 5692.000000 
61.429664 5621.000000 
61.455913 5577.000000 
61.482162 5631.000000 
61.508411 5535.000000 
61.534660 5481.000000 
61.560909 5629.000000 
61.587158 5573.000000 
61.613407 5578.000000 
61.639656 5618.000000 
61.665905 5647.000000 
61.692155 5658.000000 
61.718404 5634.000000 
61.744653 5689.000000 
61.770902 5706.000000 
61.797151 5628.000000 
61.823400 5599.000000 
61.849649 5546.000000 
61.875898 5584.000000 
61.902147 5534.000000 
61.928396 5658.000000 
61.954645 5539.000000 
61.980894 5695.000000 
62.007143 5654.000000 
62.033393 5601.000000 
62.059642 5601.000000 
62.085891 5581.000000 
62.112140 5642.000000 
62.138389 5668.000000 
62.164638 5534.000000 
62.190887 5760.000000 
62.217136 5608.000000 
62.243385 5618.000000 
62.269634 5726.000000 
62.295883 5759.000000 
62.322132 5717.000000 
62.348381 5822.000000 
62.374630 5596.000000 
62.400880 5844.000000 
62.427129 5988.000000 
62.453378 5993.000000 
62.479627 6079.000000 
62.505876 6304.000000 
62.532125 6395.000000 
62.558374 6524.000000 
62.584623 6909.000000 
62.610872 7306.000000 
62.637121 7802.000000 
62.663370 7980.000000 
62.689619 7660.000000 
62.715868 7376.000000 
62.742117 7320.000000 
62.768367 7235.000000 
62.794616 7185.000000 
62.820865 7427.000000 
62.847114 7215.000000 
62.873363 7029.000000 
62.899612 6858.000000 
62.925861 6607.000000 
62.952110 6403.000000 
62.978359 6378.000000 
63.004608 6371.000000 
63.030857 6174.000000 
63.057106 6074.000000 
63.083355 6109.000000 
63.109604 5905.000000 
63.135854 5988.000000 
63.162103 5989.000000 
63.188352 5870.000000 
63.214601 5816.000000 
63.240850 5831.000000 
63.267099 5689.000000 
63.293348 5715.000000 
63.319597 5635.000000 
63.345846 5777.000000 
63.372095 5887.000000 
63.398344 5571.000000 
63.424593 5617.000000 
63.450842 5602.000000 
63.477092 5602.000000 
63.503341 5569.000000 
63.529590 5772.000000 
63.555839 5606.000000 
63.582088 5685.000000 
63.608337 5714.000000 
63.634586 5717.000000 
63.660835 5589.000000 
63.687084 5549.000000 
63.713333 5635.000000 
63.739582 5643.000000 
63.765831 5623.000000 
63.792080 5674.000000 
63.818329 5617.000000 
63.844579 5674.000000 
63.870828 5741.000000 
63.897077 5693.000000 
63.923326 5673.000000 
63.949575 5651.000000 
63.975824 5753.000000 
64.002073 5685.000000 
64.028322 5750.000000 
64.054571 5905.000000 
64.080820 5593.000000 
64.107069 5585.000000 
64.133318 5637.000000 
64.159567 5712.000000 
64.185816 5581.000000 
64.212066 5699.000000 
64.238315 5799.000000 
64.264564 5762.000000 
64.290813 5635.000000 
64.317062 5747.000000 
64.343311 5712.000000 
64.369560 5641.000000 
64.395809 5628.000000 
64.422058 5609.000000 
64.448307 5749.000000 
64.474556 5567.000000 
64.500805 5640.000000 
64.527054 5576.000000 
64.553303 5608.000000 
64.579553 5673.000000 
64.605802 5615.000000 
64.632051 5530.000000 
64.658300 5640.000000 
64.684549 5619.000000 
64.710798 5740.000000 
64.737047 5687.000000 
64.763296 5555.000000 
64.789545 5555.000000 
64.815794 5722.000000 
64.842043 5493.000000 
64.868292 5576.000000 
64.894541 5658.000000 
64.920791 5685.000000 
64.947040 5519.000000 
64.973289 5447.000000 
64.999538 5516.000000 
65.025787 5637.000000 
65.052036 5632.000000 
65.078285 5462.000000 
65.104534 5552.000000 
65.130783 5612.000000 
65.157032 5477.000000 
65.183281 5657.000000 
65.209530 5495.000000 
65.235779 5673.000000 
65.262028 5572.000000 
65.288278 5357.000000 
65.314527 5625.000000 
65.340776 5611.000000 
65.367025 5615.000000 
65.393274 5444.000000 
65.419523 5490.000000 
65.445772 5651.000000 
65.472021 5580.000000 
65.498270 5699.000000 
65.524519 5623.000000 
65.550768 5615.000000 
65.577017 5583.000000 
65.603266 5567.000000 
65.629515 5678.000000 
65.655765 5592.000000 
65.682014 5563.000000 
65.708263 5601.000000 
65.734512 5582.000000 
65.760761 5749.000000 
65.787010 5622.000000 
65.813259 5651.000000 
65.839508 5658.000000 
65.865757 5710.000000 
65.892006 5575.000000 
65.918255 5676.000000 
65.944504 5550.000000 
65.970753 5603.000000 
65.997002 5468.000000 
66.023252 5691.000000 
66.049501 5620.000000 
66.075750 5574.000000 
66.101999 5634.000000 
66.128248 5575.000000 
66.154497 5590.000000 
66.180746 5489.000000 
66.206995 5587.000000 
66.233244 5613.000000 
66.259493 5561.000000 
66.285742 5666.000000 
66.311991 5529.000000 
66.338240 5494.000000 
66.364490 5541.000000 
66.390739 5509.000000 
66.416988 5635.000000 
66.443237 5534.000000 
66.469486 5438.000000 
66.495735 5726.000000 
66.521984 5654.000000 
66.548233 5592.000000 
66.574482 5689.000000 
66.600731 5512.000000 
66.626980 5646.000000 
66.653229 5709.000000 
66.679478 5540.000000 
66.705727 5644.000000 
66.731977 5708.000000 
66.758226 5575.000000 
66.784475 5737.000000 
66.810724 5625.000000 
66.836973 5421.000000 
66.863222 5541.000000 
66.889471 5595.000000 
66.915720 5685.000000 
66.941969 5555.000000 
66.968218 5472.000000 
66.994467 5551.000000 
67.020716 5488.000000 
67.046965 5716.000000 
67.073214 5583.000000 
67.099464 5492.000000 
67.125713 5552.000000 
67.151962 5585.000000 
67.178211 5664.000000 
67.204460 5674.000000 
67.230709 5584.000000 
67.256958 5644.000000 
67.283207 5631.000000 
67.309456 5561.000000 
67.335705 5582.000000 
67.361954 5644.000000 
67.388203 5542.000000 
67.414452 5699.000000 
67.440701 5507.000000 
67.466951 5597.000000 
67.493200 5560.000000 
67.519449 5730.000000 
67.545698 5678.000000 
67.571947 5611.000000 
67.598196 5626.000000 
67.624445 5561.000000 
67.650694 5571.000000 
67.676943 5757.000000 
67.703192 5710.000000 
67.729441 5683.000000 
67.755690 5532.000000 
67.781939 5711.000000 
67.808189 5620.000000 
67.834438 5680.000000 
67.860687 5762.000000 
67.886936 5570.000000 
67.913185 5604.000000 
67.939434 5662.000000 
67.965683 5560.000000 
67.991932 5625.000000 
68.018181 5568.000000 
68.044430 5676.000000 
68.070679 5601.000000 
68.096928 5740.000000 
68.123177 5555.000000 
68.149426 5608.000000 
68.175676 5606.000000 
68.201925 5687.000000 
68.228174 5760.000000 
68.254423 5629.000000 
68.280672 5565.000000 
68.306921 5609.000000 
68.333170 5749.000000 
68.359419 5652.000000 
68.385668 5717.000000 
68.411917 5741.000000 
68.438166 5703.000000 
68.464415 5613.000000 
68.490664 5693.000000 
68.516913 5644.000000 
68.543163 5717.000000 
68.569412 5604.000000 
68.595661 5692.000000 
68.621910 5649.000000 
68.648159 5526.000000 
68.674408 5647.000000 
68.700657 5586.000000 
68.726906 5436.000000 
68.753155 5560.000000 
68.779404 5595.000000 
68.805653 5658.000000 
68.831902 5659.000000 
68.858151 5682.000000 
68.884400 5562.000000 
68.910650 5617.000000 
68.936899 5668.000000 
68.963148 5680.000000 
68.989397 5698.000000 
69.015646 5686.000000 
69.041895 5614.000000 
69.068144 5570.000000 
69.094393 5530.000000 
69.120642 5634.000000 
69.146891 5718.000000 
69.173140 5613.000000 
69.199389 5852.000000 
69.225638 5634.000000 
69.251888 5719.000000 
69.278137 5556.000000 
69.304386 5716.000000 
69.330635 5677.000000 
69.356884 5597.000000 
69.383133 5608.000000 
69.409382 5668.000000 
69.435631 5604.000000 
69.461880 5706.000000 
69.488129 5783.000000 
69.514378 5681.000000 
69.540627 5699.000000 
69.566876 5781.000000 
69.593125 5772.000000 
69.619375 5619.000000 
69.645624 5641.000000 
69.671873 5681.000000 
69.698122 5593.000000 
69.724371 5713.000000 
69.750620 5517.000000 
69.776869 5687.000000 
69.803118 5729.000000 
69.829367 5652.000000 
69.855616 5739.000000 
69.881865 5689.000000 
69.908114 5704.000000 
69.934363 5702.000000 
69.960612 5674.000000 
