10.007730 4524.000000 
10.033979 4543.000000 
10.060228 4532.000000 
10.086477 4497.000000 
10.112727 4513.000000 
10.138976 4527.000000 
10.165225 4479.000000 
10.191474 4519.000000 
10.217723 4557.000000 
10.243972 4505.000000 
10.270221 4562.000000 
10.296470 4533.000000 
10.322719 4478.000000 
10.348968 4594.000000 
10.375217 4632.000000 
10.401466 4710.000000 
10.427715 4604.000000 
10.453965 4497.000000 
10.480214 4470.000000 
10.506463 4530.000000 
10.532712 4555.000000 
10.558961 4550.000000 
10.585210 4592.000000 
10.611459 4578.000000 
10.637708 4548.000000 
10.663957 4714.000000 
10.690206 4712.000000 
10.716455 4633.000000 
10.742704 4638.000000 
10.768953 4706.000000 
10.795202 4641.000000 
10.821452 4562.000000 
10.847701 4663.000000 
10.873950 4613.000000 
10.900199 4612.000000 
10.926448 4543.000000 
10.952697 4737.000000 
10.978946 4591.000000 
11.005195 4808.000000 
11.031444 4703.000000 
11.057693 4640.000000 
11.083942 4587.000000 
11.110191 4707.000000 
11.136440 4609.000000 
11.162689 4629.000000 
11.188939 4702.000000 
11.215188 4630.000000 
11.241437 4660.000000 
11.267686 4675.000000 
11.293935 4629.000000 
11.320184 4612.000000 
11.346433 4742.000000 
11.372682 4727.000000 
11.398931 4653.000000 
11.425180 4526.000000 
11.451429 4629.000000 
11.477678 4632.000000 
11.503927 4778.000000 
11.530177 4765.000000 
11.556426 4668.000000 
11.582675 4792.000000 
11.608924 4737.000000 
11.635173 4704.000000 
11.661422 4751.000000 
11.687671 4806.000000 
11.713920 4756.000000 
11.740169 4753.000000 
11.766418 4790.000000 
11.792667 4600.000000 
11.818916 4679.000000 
11.845165 4780.000000 
11.871414 4716.000000 
11.897664 4794.000000 
11.923913 4721.000000 
11.950162 4802.000000 
11.976411 4826.000000 
12.002660 4679.000000 
12.028909 4647.000000 
12.055158 4824.000000 
12.081407 4756.000000 
12.107656 4636.000000 
12.133905 4890.000000 
12.160154 4782.000000 
12.186403 4893.000000 
12.212652 4865.000000 
12.238901 4784.000000 
12.265151 4792.000000 
12.291400 4734.000000 
12.317649 4880.000000 
12.343898 4848.000000 
12.370147 4802.000000 
12.396396 4715.000000 
12.422645 4756.000000 
12.448894 4679.000000 
12.475143 4824.000000 
12.501392 4765.000000 
12.527641 4750.000000 
12.553890 4932.000000 
12.580139 4703.000000 
12.606388 4800.000000 
12.632638 4901.000000 
12.658887 4845.000000 
12.685136 4699.000000 
12.711385 4683.000000 
12.737634 4852.000000 
12.763883 4968.000000 
12.790132 4932.000000 
12.816381 4950.000000 
12.842630 4829.000000 
12.868879 5063.000000 
12.895128 4959.000000 
12.921377 4865.000000 
12.947626 4915.000000 
12.973876 4843.000000 
13.000125 5024.000000 
13.026374 4864.000000 
13.052623 4937.000000 
13.078872 4947.000000 
13.105121 4797.000000 
13.131370 4946.000000 
13.157619 4990.000000 
13.183868 4946.000000 
13.210117 4924.000000 
13.236366 4970.000000 
13.262615 5064.000000 
13.288864 4995.000000 
13.315113 4910.000000 
13.341363 4946.000000 
13.367612 4889.000000 
13.393861 4939.000000 
13.420110 4894.000000 
13.446359 4987.000000 
13.472608 4946.000000 
13.498857 4977.000000 
13.525106 5094.000000 
13.551355 4920.000000 
13.577604 4931.000000 
13.603853 4942.000000 
13.630102 4969.000000 
13.656351 5003.000000 
13.682600 5030.000000 
13.708850 4955.000000 
13.735099 5115.000000 
13.761348 4802.000000 
13.787597 5022.000000 
13.813846 5039.000000 
13.840095 5016.000000 
13.866344 4993.000000 
13.892593 4987.000000 
13.918842 5020.000000 
13.945091 4978.000000 
13.971340 5068.000000 
13.997589 5164.000000 
14.023838 5028.000000 
14.050087 5118.000000 
14.076337 5018.000000 
14.102586 5046.000000 
14.128835 4952.000000 
14.155084 4971.000000 
14.181333 5121.000000 
14.207582 5176.000000 
14.233831 4984.000000 
14.260080 4987.000000 
14.286329 5113.000000 
14.312578 5101.000000 
14.338827 4992.000000 
14.365076 5023.000000 
14.391325 4991.000000 
14.417575 4922.000000 
14.443824 5114.000000 
14.470073 5102.000000 
14.496322 5154.000000 
14.522571 5126.000000 
14.548820 5098.000000 
14.575069 5146.000000 
14.601318 5074.000000 
14.627567 5103.000000 
14.653816 5180.000000 
14.680065 5173.000000 
14.706314 5101.000000 
14.732563 5047.000000 
14.758812 5096.000000 
14.785062 5002.000000 
14.811311 5127.000000 
14.837560 5123.000000 
14.863809 5376.000000 
14.890058 4967.000000 
14.916307 4952.000000 
14.942556 5231.000000 
14.968805 5115.000000 
14.995054 5071.000000 
15.021303 5121.000000 
15.047552 5124.000000 
15.073801 5135.000000 
15.100050 5116.000000 
15.126299 5208.000000 
15.152549 5145.000000 
15.178798 5050.000000 
15.205047 5126.000000 
15.231296 5106.000000 
15.257545 5162.000000 
15.283794 5250.000000 
15.310043 5162.000000 
15.336292 5286.000000 
15.362541 5327.000000 
15.388790 5158.000000 
15.415039 5165.000000 
15.441288 5130.000000 
15.467537 5228.000000 
15.493786 5184.000000 
15.520036 5122.000000 
15.546285 5172.000000 
15.572534 5213.000000 
15.598783 5181.000000 
15.625032 5183.000000 
15.651281 5150.000000 
15.677530 5164.000000 
15.703779 5252.000000 
15.730028 5094.000000 
15.756277 5177.000000 
15.782526 5147.000000 
15.808775 5162.000000 
15.835024 5205.000000 
15.861274 5172.000000 
15.887523 5233.000000 
15.913772 5238.000000 
15.940021 5281.000000 
15.966270 5317.000000 
15.992519 5271.000000 
16.018768 5338.000000 
16.045017 5262.000000 
16.071266 5359.000000 
16.097515 5321.000000 
16.123764 5289.000000 
16.150013 5218.000000 
16.176262 5224.000000 
16.202511 5290.000000 
16.228761 5327.000000 
16.255010 5340.000000 
16.281259 5182.000000 
16.307508 5241.000000 
16.333757 5238.000000 
16.360006 5200.000000 
16.386255 5309.000000 
16.412504 5389.000000 
16.438753 5299.000000 
16.465002 5305.000000 
16.491251 5248.000000 
16.517500 5235.000000 
16.543749 5169.000000 
16.569998 5277.000000 
16.596248 5446.000000 
16.622497 5344.000000 
16.648746 5248.000000 
16.674995 5247.000000 
16.701244 5220.000000 
16.727493 5336.000000 
16.753742 5303.000000 
16.779991 5180.000000 
16.806240 5359.000000 
16.832489 5177.000000 
16.858738 5202.000000 
16.884987 5167.000000 
16.911236 5278.000000 
16.937485 5182.000000 
16.963735 5471.000000 
16.989984 5301.000000 
17.016233 5285.000000 
17.042482 5327.000000 
17.068731 5264.000000 
17.094980 5352.000000 
17.121229 5331.000000 
17.147478 5275.000000 
17.173727 5299.000000 
17.199976 5215.000000 
17.226225 5164.000000 
17.252474 5252.000000 
17.278723 5334.000000 
17.304973 5287.000000 
17.331222 5228.000000 
17.357471 5286.000000 
17.383720 5346.000000 
17.409969 5283.000000 
17.436218 5463.000000 
17.462467 5463.000000 
17.488716 5297.000000 
17.514965 5312.000000 
17.541214 5423.000000 
17.567463 5281.000000 
17.593712 5472.000000 
17.619961 5288.000000 
17.646210 5348.000000 
17.672460 5272.000000 
17.698709 5343.000000 
17.724958 5300.000000 
17.751207 5322.000000 
17.777456 5334.000000 
17.803705 5310.000000 
17.829954 5388.000000 
17.856203 5314.000000 
17.882452 5371.000000 
17.908701 5460.000000 
17.934950 5327.000000 
17.961199 5279.000000 
17.987448 5299.000000 
18.013697 5408.000000 
18.039947 5394.000000 
18.066196 5307.000000 
18.092445 5386.000000 
18.118694 5226.000000 
18.144943 5380.000000 
18.171192 5258.000000 
18.197441 5445.000000 
18.223690 5336.000000 
18.249939 5332.000000 
18.276188 5430.000000 
18.302437 5652.000000 
18.328686 5497.000000 
18.354935 5579.000000 
18.381184 5687.000000 
18.407434 5698.000000 
18.433683 6089.000000 
18.459932 6123.000000 
18.486181 6071.000000 
18.512430 5842.000000 
18.538679 5670.000000 
18.564928 5397.000000 
18.591177 5431.000000 
18.617426 5355.000000 
18.643675 5368.000000 
18.669924 5421.000000 
18.696173 5325.000000 
18.722422 5272.000000 
18.748672 5486.000000 
18.774921 5418.000000 
18.801170 5342.000000 
18.827419 5263.000000 
18.853668 5372.000000 
18.879917 5391.000000 
18.906166 5246.000000 
18.932415 5417.000000 
18.958664 5448.000000 
18.984913 5588.000000 
19.011162 5417.000000 
19.037411 5361.000000 
19.063660 5308.000000 
19.089909 5287.000000 
19.116159 5299.000000 
19.142408 5398.000000 
19.168657 5335.000000 
19.194906 5384.000000 
19.221155 5323.000000 
19.247404 5404.000000 
19.273653 5347.000000 
19.299902 5379.000000 
19.326151 5299.000000 
19.352400 5369.000000 
19.378649 5337.000000 
19.404898 5456.000000 
19.431147 5311.000000 
19.457396 5582.000000 
19.483646 5480.000000 
19.509895 5455.000000 
19.536144 5381.000000 
19.562393 5421.000000 
19.588642 5408.000000 
19.614891 5390.000000 
19.641140 5355.000000 
19.667389 5237.000000 
19.693638 5444.000000 
19.719887 5282.000000 
19.746136 5368.000000 
19.772385 5391.000000 
19.798634 5316.000000 
19.824883 5392.000000 
19.851133 5343.000000 
19.877382 5306.000000 
19.903631 5318.000000 
19.929880 5492.000000 
19.956129 5408.000000 
19.982378 5343.000000 
20.008627 5445.000000 
20.034876 5463.000000 
20.061125 5349.000000 
20.087374 5339.000000 
20.113623 5359.000000 
20.139872 5388.000000 
20.166121 5413.000000 
20.192371 5304.000000 
20.218620 5405.000000 
20.244869 5359.000000 
20.271118 5356.000000 
20.297367 5215.000000 
20.323616 5413.000000 
20.349865 5282.000000 
20.376114 5316.000000 
20.402363 5301.000000 
20.428612 5253.000000 
20.454861 5329.000000 
20.481110 5378.000000 
20.507359 5464.000000 
20.533608 5519.000000 
20.559858 5358.000000 
20.586107 5432.000000 
20.612356 5285.000000 
20.638605 5291.000000 
20.664854 5430.000000 
20.691103 5422.000000 
20.717352 5486.000000 
20.743601 5300.000000 
20.769850 5478.000000 
20.796099 5349.000000 
20.822348 5368.000000 
20.848597 5342.000000 
20.874846 5311.000000 
20.901095 5509.000000 
20.927345 5357.000000 
20.953594 5452.000000 
20.979843 5483.000000 
21.006092 5495.000000 
21.032341 5342.000000 
21.058590 5472.000000 
21.084839 5366.000000 
21.111088 5251.000000 
21.137337 5286.000000 
21.163586 5372.000000 
21.189835 5359.000000 
21.216084 5499.000000 
21.242333 5379.000000 
21.268582 5457.000000 
21.294832 5415.000000 
21.321081 5260.000000 
21.347330 5350.000000 
21.373579 5248.000000 
21.399828 5256.000000 
21.426077 5280.000000 
21.452326 5415.000000 
21.478575 5309.000000 
21.504824 5366.000000 
21.531073 5269.000000 
21.557322 5364.000000 
21.583571 5379.000000 
21.609820 5497.000000 
21.636070 5417.000000 
21.662319 5364.000000 
21.688568 5373.000000 
21.714817 5326.000000 
21.741066 5407.000000 
21.767315 5427.000000 
21.793564 5325.000000 
21.819813 5397.000000 
21.846062 5281.000000 
21.872311 5462.000000 
21.898560 5455.000000 
21.924809 5477.000000 
21.951058 5396.000000 
21.977307 5403.000000 
22.003557 5253.000000 
22.029806 5466.000000 
22.056055 5335.000000 
22.082304 5391.000000 
22.108553 5274.000000 
22.134802 5278.000000 
22.161051 5408.000000 
22.187300 5363.000000 
22.213549 5496.000000 
22.239798 5351.000000 
22.266047 5290.000000 
22.292296 5393.000000 
22.318545 5338.000000 
22.344794 5377.000000 
22.371044 5292.000000 
22.397293 5361.000000 
22.423542 5350.000000 
22.449791 5385.000000 
22.476040 5397.000000 
22.502289 5460.000000 
22.528538 5359.000000 
22.554787 5362.000000 
22.581036 5380.000000 
22.607285 5334.000000 
22.633534 5495.000000 
22.659783 5320.000000 
22.686032 5325.000000 
22.712281 5208.000000 
22.738531 5346.000000 
22.764780 5313.000000 
22.791029 5445.000000 
22.817278 5337.000000 
22.843527 5223.000000 
22.869776 5372.000000 
22.896025 5502.000000 
22.922274 5286.000000 
22.948523 5300.000000 
22.974772 5254.000000 
23.001021 5379.000000 
23.027270 5368.000000 
23.053519 5349.000000 
23.079769 5403.000000 
23.106018 5362.000000 
23.132267 5262.000000 
23.158516 5270.000000 
23.184765 5333.000000 
23.211014 5271.000000 
23.237263 5350.000000 
23.263512 5300.000000 
23.289761 5434.000000 
23.316010 5305.000000 
23.342259 5263.000000 
23.368508 5301.000000 
23.394757 5431.000000 
23.421006 5395.000000 
23.447256 5383.000000 
23.473505 5477.000000 
23.499754 5325.000000 
23.526003 5306.000000 
23.552252 5463.000000 
23.578501 5269.000000 
23.604750 5326.000000 
23.630999 5470.000000 
23.657248 5495.000000 
23.683497 5492.000000 
23.709746 5385.000000 
23.735995 5230.000000 
23.762244 5296.000000 
23.788493 5222.000000 
23.814743 5313.000000 
23.840992 5387.000000 
23.867241 5339.000000 
23.893490 5338.000000 
23.919739 5362.000000 
23.945988 5371.000000 
23.972237 5486.000000 
23.998486 5222.000000 
24.024735 5364.000000 
24.050984 5147.000000 
24.077233 5345.000000 
24.103482 5427.000000 
24.129731 5353.000000 
24.155981 5430.000000 
24.182230 5416.000000 
24.208479 5407.000000 
24.234728 5442.000000 
24.260977 5427.000000 
24.287226 5461.000000 
24.313475 5375.000000 
24.339724 5335.000000 
24.365973 5357.000000 
24.392222 5306.000000 
24.418471 5365.000000 
24.444720 5298.000000 
24.470969 5393.000000 
24.497218 5335.000000 
24.523468 5463.000000 
24.549717 5314.000000 
24.575966 5296.000000 
24.602215 5377.000000 
24.628464 5419.000000 
24.654713 5359.000000 
24.680962 5312.000000 
24.707211 5327.000000 
24.733460 5327.000000 
24.759709 5322.000000 
24.785958 5310.000000 
24.812207 5283.000000 
24.838456 5279.000000 
24.864705 5312.000000 
24.890955 5400.000000 
24.917204 5297.000000 
24.943453 5383.000000 
24.969702 5342.000000 
24.995951 5314.000000 
25.022200 5451.000000 
25.048449 5190.000000 
25.074698 5441.000000 
25.100947 5403.000000 
25.127196 5425.000000 
25.153445 5160.000000 
25.179694 5335.000000 
25.205943 5412.000000 
25.232192 5252.000000 
25.258442 5243.000000 
25.284691 5365.000000 
25.310940 5353.000000 
25.337189 5272.000000 
25.363438 5335.000000 
25.389687 5283.000000 
25.415936 5346.000000 
25.442185 5280.000000 
25.468434 5191.000000 
25.494683 5272.000000 
25.520932 5291.000000 
25.547181 5394.000000 
25.573430 5295.000000 
25.599680 5333.000000 
25.625929 5330.000000 
25.652178 5417.000000 
25.678427 5468.000000 
25.704676 5275.000000 
25.730925 5383.000000 
25.757174 5286.000000 
25.783423 5291.000000 
25.809672 5259.000000 
25.835921 5287.000000 
25.862170 5326.000000 
25.888419 5416.000000 
25.914668 5172.000000 
25.940917 5399.000000 
25.967167 5299.000000 
25.993416 5274.000000 
26.019665 5245.000000 
26.045914 5311.000000 
26.072163 5392.000000 
26.098412 5156.000000 
26.124661 5407.000000 
26.150910 5426.000000 
26.177159 5206.000000 
26.203408 5342.000000 
26.229657 5355.000000 
26.255906 5246.000000 
26.282155 5143.000000 
26.308404 5328.000000 
26.334654 5199.000000 
26.360903 5302.000000 
26.387152 5380.000000 
26.413401 5472.000000 
26.439650 5379.000000 
26.465899 5427.000000 
26.492148 5303.000000 
26.518397 5151.000000 
26.544646 5207.000000 
26.570895 5222.000000 
26.597144 5367.000000 
26.623393 5451.000000 
26.649642 5435.000000 
26.675891 5391.000000 
26.702141 5543.000000 
26.728390 5508.000000 
26.754639 5650.000000 
26.780888 6145.000000 
26.807137 6857.000000 
26.833386 6217.000000 
26.859635 6040.000000 
26.885884 6162.000000 
26.912133 5660.000000 
26.938382 5344.000000 
26.964631 5408.000000 
26.990880 5466.000000 
27.017129 5334.000000 
27.043379 5349.000000 
27.069628 5289.000000 
27.095877 5423.000000 
27.122126 5198.000000 
27.148375 5290.000000 
27.174624 5295.000000 
27.200873 5260.000000 
27.227122 5330.000000 
27.253371 5470.000000 
27.279620 5249.000000 
27.305869 5276.000000 
27.332118 5329.000000 
27.358367 5357.000000 
27.384616 5281.000000 
27.410866 5167.000000 
27.437115 5350.000000 
27.463364 5201.000000 
27.489613 5409.000000 
27.515862 5374.000000 
27.542111 5279.000000 
27.568360 5239.000000 
27.594609 5292.000000 
27.620858 5300.000000 
27.647107 5263.000000 
27.673356 5262.000000 
27.699605 5387.000000 
27.725854 5295.000000 
27.752103 5334.000000 
27.778353 5263.000000 
27.804602 5354.000000 
27.830851 5271.000000 
27.857100 5286.000000 
27.883349 5366.000000 
27.909598 5373.000000 
27.935847 5272.000000 
27.962096 5320.000000 
27.988345 5425.000000 
28.014594 5303.000000 
28.040843 5086.000000 
28.067092 5418.000000 
28.093341 5281.000000 
28.119590 5212.000000 
28.145840 5328.000000 
28.172089 5153.000000 
28.198338 5283.000000 
28.224587 5350.000000 
28.250836 5344.000000 
28.277085 5233.000000 
28.303334 5384.000000 
28.329583 5351.000000 
28.355832 5311.000000 
28.382081 5224.000000 
28.408330 5272.000000 
28.434579 5304.000000 
28.460828 5319.000000 
28.487078 5380.000000 
28.513327 5124.000000 
28.539576 5286.000000 
28.565825 5321.000000 
28.592074 5289.000000 
28.618323 5189.000000 
28.644572 5222.000000 
28.670821 5353.000000 
28.697070 5347.000000 
28.723319 5417.000000 
28.749568 5294.000000 
28.775817 5334.000000 
28.802066 5196.000000 
28.828315 5234.000000 
28.854565 5339.000000 
28.880814 5351.000000 
28.907063 5303.000000 
28.933312 5393.000000 
28.959561 5337.000000 
28.985810 5379.000000 
29.012059 5253.000000 
29.038308 5393.000000 
29.064557 5221.000000 
29.090806 5213.000000 
29.117055 5219.000000 
29.143304 5268.000000 
29.169553 5336.000000 
29.195802 5312.000000 
29.222052 5261.000000 
29.248301 5416.000000 
29.274550 5391.000000 
29.300799 5472.000000 
29.327048 5272.000000 
29.353297 5285.000000 
29.379546 5295.000000 
29.405795 5279.000000 
29.432044 5238.000000 
29.458293 5430.000000 
29.484542 5373.000000 
29.510791 5257.000000 
29.537040 5326.000000 
29.563289 5434.000000 
29.589539 5340.000000 
29.615788 5297.000000 
29.642037 5348.000000 
29.668286 5223.000000 
29.694535 5304.000000 
29.720784 5451.000000 
29.747033 5173.000000 
29.773282 5267.000000 
29.799531 5330.000000 
29.825780 5319.000000 
29.852029 5416.000000 
29.878278 5399.000000 
29.904527 5359.000000 
29.930777 5278.000000 
29.957026 5172.000000 
29.983275 5309.000000 
30.009524 5311.000000 
30.035773 5466.000000 
30.062022 5486.000000 
30.088271 5608.000000 
30.114520 5715.000000 
30.140769 5933.000000 
30.167018 6369.000000 
30.193267 6804.000000 
30.219516 7613.000000 
30.245765 8248.000000 
30.272014 8049.000000 
30.298264 7299.000000 
30.324513 6938.000000 
30.350762 6572.000000 
30.377011 6046.000000 
30.403260 5726.000000 
30.429509 5581.000000 
30.455758 5549.000000 
30.482007 5302.000000 
30.508256 5421.000000 
30.534505 5482.000000 
30.560754 5336.000000 
30.587003 5398.000000 
30.613252 5371.000000 
30.639501 5294.000000 
30.665751 5282.000000 
30.692000 5200.000000 
30.718249 5309.000000 
30.744498 5203.000000 
30.770747 5352.000000 
30.796996 5440.000000 
30.823245 5312.000000 
30.849494 5420.000000 
30.875743 5391.000000 
30.901992 5324.000000 
30.928241 5269.000000 
30.954490 5132.000000 
30.980739 5265.000000 
31.006988 5329.000000 
31.033238 5157.000000 
31.059487 5363.000000 
31.085736 5343.000000 
31.111985 5254.000000 
31.138234 5274.000000 
31.164483 5441.000000 
31.190732 5273.000000 
31.216981 5216.000000 
31.243230 5346.000000 
31.269479 5154.000000 
31.295728 5378.000000 
31.321977 5226.000000 
31.348226 5282.000000 
31.374476 5255.000000 
31.400725 5269.000000 
31.426974 5172.000000 
31.453223 5321.000000 
31.479472 5325.000000 
31.505721 5154.000000 
31.531970 5246.000000 
31.558219 5274.000000 
31.584468 5301.000000 
31.610717 5380.000000 
31.636966 5185.000000 
31.663215 5359.000000 
31.689464 5223.000000 
31.715713 5296.000000 
31.741963 5197.000000 
31.768212 5305.000000 
31.794461 5255.000000 
31.820710 5266.000000 
31.846959 5145.000000 
31.873208 5264.000000 
31.899457 5281.000000 
31.925706 5229.000000 
31.951955 5291.000000 
31.978204 5277.000000 
32.004453 5245.000000 
32.030702 5215.000000 
32.056951 5226.000000 
32.083200 5213.000000 
32.109450 5257.000000 
32.135699 5324.000000 
32.161948 5215.000000 
32.188197 5316.000000 
32.214446 5233.000000 
32.240695 5173.000000 
32.266944 5352.000000 
32.293193 5262.000000 
32.319442 5382.000000 
32.345691 5278.000000 
32.371940 5158.000000 
32.398189 5275.000000 
32.424438 5152.000000 
32.450687 5157.000000 
32.476937 5162.000000 
32.503186 5153.000000 
32.529435 5276.000000 
32.555684 5182.000000 
32.581933 5225.000000 
32.608182 5147.000000 
32.634431 5187.000000 
32.660680 5242.000000 
32.686929 5127.000000 
32.713178 5255.000000 
32.739427 5177.000000 
32.765676 5351.000000 
32.791925 5260.000000 
32.818175 5287.000000 
32.844424 5290.000000 
32.870673 5079.000000 
32.896922 5215.000000 
32.923171 5225.000000 
32.949420 5249.000000 
32.975669 5302.000000 
33.001918 5344.000000 
33.028167 5154.000000 
33.054416 5360.000000 
33.080665 5191.000000 
33.106914 5186.000000 
33.133163 5227.000000 
33.159412 5120.000000 
33.185662 5170.000000 
33.211911 5329.000000 
33.238160 5494.000000 
33.264409 5484.000000 
33.290658 5658.000000 
33.316907 5684.000000 
33.343156 5529.000000 
33.369405 5461.000000 
33.395654 5411.000000 
33.421903 5508.000000 
33.448152 5317.000000 
33.474401 5274.000000 
33.500650 5279.000000 
33.526899 5231.000000 
33.553149 5130.000000 
33.579398 5134.000000 
33.605647 5301.000000 
33.631896 5230.000000 
33.658145 5258.000000 
33.684394 5328.000000 
33.710643 5158.000000 
33.736892 5332.000000 
33.763141 5351.000000 
33.789390 5149.000000 
33.815639 5159.000000 
33.841888 5240.000000 
33.868137 5279.000000 
33.894386 5178.000000 
33.920636 5200.000000 
33.946885 5347.000000 
33.973134 5299.000000 
33.999383 5180.000000 
34.025632 5312.000000 
34.051881 5344.000000 
34.078130 5301.000000 
34.104379 5291.000000 
34.130628 5203.000000 
34.156877 5245.000000 
34.183126 5190.000000 
34.209375 5263.000000 
34.235624 5377.000000 
34.261874 5296.000000 
34.288123 5242.000000 
34.314372 5324.000000 
34.340621 5345.000000 
34.366870 5364.000000 
34.393119 5372.000000 
34.419368 5390.000000 
34.445617 5292.000000 
34.471866 5276.000000 
34.498115 5271.000000 
34.524364 5198.000000 
34.550613 5197.000000 
34.576862 5285.000000 
34.603111 5334.000000 
34.629361 5270.000000 
34.655610 5383.000000 
34.681859 5390.000000 
34.708108 5303.000000 
34.734357 5338.000000 
34.760606 5236.000000 
34.786855 5349.000000 
34.813104 5307.000000 
34.839353 5294.000000 
34.865602 5337.000000 
34.891851 5397.000000 
34.918100 5378.000000 
34.944349 5388.000000 
34.970598 5248.000000 
34.996848 5346.000000 
35.023097 5375.000000 
35.049346 5242.000000 
35.075595 5339.000000 
35.101844 5254.000000 
35.128093 5166.000000 
35.154342 5245.000000 
35.180591 5400.000000 
35.206840 5353.000000 
35.233089 5355.000000 
35.259338 5285.000000 
35.285587 5399.000000 
35.311836 5571.000000 
35.338085 5602.000000 
35.364335 5753.000000 
35.390584 5900.000000 
35.416833 6121.000000 
35.443082 6351.000000 
35.469331 6972.000000 
35.495580 7823.000000 
35.521829 9038.000000 
35.548078 10781.000000 
35.574327 13440.000000 
35.600576 14174.000000 
35.626825 13108.000000 
35.653074 11794.000000 
35.679323 11043.000000 
35.705573 9989.000000 
35.731822 8406.000000 
35.758071 7276.000000 
35.784320 6729.000000 
35.810569 6246.000000 
35.836818 5971.000000 
35.863067 5856.000000 
35.889316 5705.000000 
35.915565 5593.000000 
35.941814 5551.000000 
35.968063 5489.000000 
35.994312 5425.000000 
36.020561 5601.000000 
36.046810 5405.000000 
36.073060 5307.000000 
36.099309 5328.000000 
36.125558 5297.000000 
36.151807 5275.000000 
36.178056 5375.000000 
36.204305 5440.000000 
36.230554 5281.000000 
36.256803 5221.000000 
36.283052 5326.000000 
36.309301 5415.000000 
36.335550 5334.000000 
36.361799 5156.000000 
36.388048 5190.000000 
36.414297 5248.000000 
36.440547 5371.000000 
36.466796 5279.000000 
36.493045 5238.000000 
36.519294 5324.000000 
36.545543 5308.000000 
36.571792 5187.000000 
36.598041 5097.000000 
36.624290 5251.000000 
36.650539 5333.000000 
36.676788 5235.000000 
36.703037 5286.000000 
36.729286 5368.000000 
36.755535 5175.000000 
36.781785 5312.000000 
36.808034 5275.000000 
36.834283 5293.000000 
36.860532 5277.000000 
36.886781 5308.000000 
36.913030 5215.000000 
36.939279 5187.000000 
36.965528 5229.000000 
36.991777 5127.000000 
37.018026 5297.000000 
37.044275 5368.000000 
37.070524 5328.000000 
37.096773 5297.000000 
37.123022 5387.000000 
37.149272 5384.000000 
37.175521 5652.000000 
37.201770 5973.000000 
37.228019 5912.000000 
37.254268 5658.000000 
37.280517 5786.000000 
37.306766 5639.000000 
37.333015 5513.000000 
37.359264 5373.000000 
37.385513 5334.000000 
37.411762 5321.000000 
37.438011 5240.000000 
37.464260 5364.000000 
37.490509 5218.000000 
37.516759 5191.000000 
37.543008 5219.000000 
37.569257 5338.000000 
37.595506 5097.000000 
37.621755 5085.000000 
37.648004 5271.000000 
37.674253 5132.000000 
37.700502 5231.000000 
37.726751 5336.000000 
37.753000 5187.000000 
37.779249 5210.000000 
37.805498 5214.000000 
37.831747 5119.000000 
37.857996 5208.000000 
37.884246 5218.000000 
37.910495 5187.000000 
37.936744 5243.000000 
37.962993 5257.000000 
37.989242 5224.000000 
38.015491 5231.000000 
38.041740 5196.000000 
38.067989 5262.000000 
38.094238 5150.000000 
38.120487 5198.000000 
38.146736 5046.000000 
38.172985 5280.000000 
38.199234 5139.000000 
38.225484 5199.000000 
38.251733 5211.000000 
38.277982 5231.000000 
38.304231 5199.000000 
38.330480 5286.000000 
38.356729 5132.000000 
38.382978 5236.000000 
38.409227 5257.000000 
38.435476 5223.000000 
38.461725 5168.000000 
38.487974 5264.000000 
38.514223 5141.000000 
38.540472 5344.000000 
38.566721 5227.000000 
38.592971 5283.000000 
38.619220 5171.000000 
38.645469 5241.000000 
38.671718 5139.000000 
38.697967 5199.000000 
38.724216 5209.000000 
38.750465 5233.000000 
38.776714 5289.000000 
38.802963 5308.000000 
38.829212 5209.000000 
38.855461 5207.000000 
38.881710 5340.000000 
38.907959 5170.000000 
38.934208 5243.000000 
38.960458 5280.000000 
38.986707 5268.000000 
39.012956 5174.000000 
39.039205 5270.000000 
39.065454 5165.000000 
39.091703 5258.000000 
39.117952 5277.000000 
39.144201 5266.000000 
39.170450 5239.000000 
39.196699 5054.000000 
39.222948 5195.000000 
39.249197 5236.000000 
39.275446 5227.000000 
39.301695 5257.000000 
39.327945 5205.000000 
39.354194 5160.000000 
39.380443 5117.000000 
39.406692 5206.000000 
39.432941 5212.000000 
39.459190 5183.000000 
39.485439 5072.000000 
39.511688 5172.000000 
39.537937 5388.000000 
39.564186 5266.000000 
39.590435 5213.000000 
39.616684 5238.000000 
39.642933 5255.000000 
39.669183 5186.000000 
39.695432 5314.000000 
39.721681 5321.000000 
39.747930 5195.000000 
39.774179 5104.000000 
39.800428 5277.000000 
39.826677 5254.000000 
39.852926 5059.000000 
39.879175 5200.000000 
39.905424 5251.000000 
39.931673 5215.000000 
39.957922 5346.000000 
39.984171 5318.000000 
40.010420 5211.000000 
40.036670 5219.000000 
40.062919 5146.000000 
40.089168 5335.000000 
40.115417 5188.000000 
40.141666 5199.000000 
40.167915 5163.000000 
40.194164 5108.000000 
40.220413 5203.000000 
40.246662 5224.000000 
40.272911 5072.000000 
40.299160 5214.000000 
40.325409 5204.000000 
40.351658 5199.000000 
40.377907 5266.000000 
40.404157 5089.000000 
40.430406 5265.000000 
40.456655 5188.000000 
40.482904 5127.000000 
40.509153 5250.000000 
40.535402 5272.000000 
40.561651 5252.000000 
40.587900 5201.000000 
40.614149 5405.000000 
40.640398 5218.000000 
40.666647 5360.000000 
40.692896 5294.000000 
40.719145 5281.000000 
40.745394 5147.000000 
40.771644 5201.000000 
40.797893 5299.000000 
40.824142 5300.000000 
40.850391 5244.000000 
40.876640 5242.000000 
40.902889 5304.000000 
40.929138 5231.000000 
40.955387 5347.000000 
40.981636 5263.000000 
41.007885 5335.000000 
41.034134 5231.000000 
41.060383 5341.000000 
41.086632 5406.000000 
41.112882 5266.000000 
41.139131 5329.000000 
41.165380 5359.000000 
41.191629 5241.000000 
41.217878 5338.000000 
41.244127 5244.000000 
41.270376 5309.000000 
41.296625 5262.000000 
41.322874 5247.000000 
41.349123 5340.000000 
41.375372 5293.000000 
41.401621 5296.000000 
41.427870 5174.000000 
41.454119 5195.000000 
41.480369 5255.000000 
41.506618 5237.000000 
41.532867 5254.000000 
41.559116 5188.000000 
41.585365 5290.000000 
41.611614 5156.000000 
41.637863 5137.000000 
41.664112 5165.000000 
41.690361 5214.000000 
41.716610 5324.000000 
41.742859 5181.000000 
41.769108 5332.000000 
41.795357 5299.000000 
41.821606 5216.000000 
41.847856 5189.000000 
41.874105 5304.000000 
41.900354 5190.000000 
41.926603 5339.000000 
41.952852 5261.000000 
41.979101 5283.000000 
42.005350 5312.000000 
42.031599 5456.000000 
42.057848 5222.000000 
42.084097 5342.000000 
42.110346 5296.000000 
42.136595 5138.000000 
42.162844 5158.000000 
42.189093 5222.000000 
42.215343 5191.000000 
42.241592 5297.000000 
42.267841 5208.000000 
42.294090 5236.000000 
42.320339 5366.000000 
42.346588 5191.000000 
42.372837 5258.000000 
42.399086 5126.000000 
42.425335 5307.000000 
42.451584 5283.000000 
42.477833 5260.000000 
42.504082 5301.000000 
42.530331 5094.000000 
42.556581 5247.000000 
42.582830 5226.000000 
42.609079 5112.000000 
42.635328 5244.000000 
42.661577 5231.000000 
42.687826 5174.000000 
42.714075 5286.000000 
42.740324 5221.000000 
42.766573 5094.000000 
42.792822 5263.000000 
42.819071 5330.000000 
42.845320 5133.000000 
42.871569 5262.000000 
42.897818 5412.000000 
42.924068 5209.000000 
42.950317 5229.000000 
42.976566 5376.000000 
43.002815 5225.000000 
43.029064 5403.000000 
43.055313 5270.000000 
43.081562 5514.000000 
43.107811 5663.000000 
43.134060 5962.000000 
43.160309 6238.000000 
43.186558 6724.000000 
43.212807 7186.000000 
43.239056 7093.000000 
43.265305 6523.000000 
43.291555 6533.000000 
43.317804 6439.000000 
43.344053 6230.000000 
43.370302 5872.000000 
43.396551 5704.000000 
43.422800 5746.000000 
43.449049 5504.000000 
43.475298 5466.000000 
43.501547 5304.000000 
43.527796 5287.000000 
43.554045 5312.000000 
43.580294 5387.000000 
43.606543 5315.000000 
43.632792 5262.000000 
43.659042 5221.000000 
43.685291 5274.000000 
43.711540 5236.000000 
43.737789 5161.000000 
43.764038 5121.000000 
43.790287 5327.000000 
43.816536 5291.000000 
43.842785 5317.000000 
43.869034 5336.000000 
43.895283 5136.000000 
43.921532 5390.000000 
43.947781 5197.000000 
43.974030 5213.000000 
44.000280 5064.000000 
44.026529 5297.000000 
44.052778 5097.000000 
44.079027 5111.000000 
44.105276 5234.000000 
44.131525 5180.000000 
44.157774 5086.000000 
44.184023 5186.000000 
44.210272 5047.000000 
44.236521 5266.000000 
44.262770 5300.000000 
44.289019 5177.000000 
44.315268 5122.000000 
44.341517 5040.000000 
44.367767 5199.000000 
44.394016 5263.000000 
44.420265 5220.000000 
44.446514 5089.000000 
44.472763 5271.000000 
44.499012 5339.000000 
44.525261 5194.000000 
44.551510 5158.000000 
44.577759 5117.000000 
44.604008 5109.000000 
44.630257 5271.000000 
44.656506 5188.000000 
44.682755 5213.000000 
44.709004 5093.000000 
44.735254 5216.000000 
44.761503 5106.000000 
44.787752 5238.000000 
44.814001 5262.000000 
44.840250 5293.000000 
44.866499 5225.000000 
44.892748 5251.000000 
44.918997 5249.000000 
44.945246 5213.000000 
44.971495 5275.000000 
44.997744 5135.000000 
45.023993 5188.000000 
45.050242 5147.000000 
45.076491 5159.000000 
45.102741 5297.000000 
45.128990 5223.000000 
45.155239 5147.000000 
45.181488 5172.000000 
45.207737 5267.000000 
45.233986 5261.000000 
45.260235 5377.000000 
45.286484 5306.000000 
45.312733 5165.000000 
45.338982 5096.000000 
45.365231 5082.000000 
45.391480 5211.000000 
45.417729 5268.000000 
45.443979 5144.000000 
45.470228 5306.000000 
45.496477 5232.000000 
45.522726 5202.000000 
45.548975 5226.000000 
45.575224 5035.000000 
45.601473 5229.000000 
45.627722 5203.000000 
45.653971 5215.000000 
45.680220 5426.000000 
45.706469 5274.000000 
45.732718 5148.000000 
45.758967 5096.000000 
45.785216 5220.000000 
45.811466 5130.000000 
45.837715 5211.000000 
45.863964 5190.000000 
45.890213 5242.000000 
45.916462 5363.000000 
45.942711 5279.000000 
45.968960 5181.000000 
45.995209 5216.000000 
46.021458 5217.000000 
46.047707 5249.000000 
46.073956 5191.000000 
46.100205 5174.000000 
46.126454 5154.000000 
46.152703 5192.000000 
46.178953 5172.000000 
46.205202 5127.000000 
46.231451 5220.000000 
46.257700 5253.000000 
46.283949 5247.000000 
46.310198 5317.000000 
46.336447 5351.000000 
46.362696 5231.000000 
46.388945 5269.000000 
46.415194 5208.000000 
46.441443 5285.000000 
46.467692 5245.000000 
46.493941 5132.000000 
46.520190 5092.000000 
46.546440 5173.000000 
46.572689 5199.000000 
46.598938 5284.000000 
46.625187 5198.000000 
46.651436 5213.000000 
46.677685 5083.000000 
46.703934 5357.000000 
46.730183 5095.000000 
46.756432 5168.000000 
46.782681 5240.000000 
46.808930 5247.000000 
46.835179 5275.000000 
46.861428 5182.000000 
46.887678 5195.000000 
46.913927 5193.000000 
46.940176 5228.000000 
46.966425 5246.000000 
46.992674 5318.000000 
47.018923 5218.000000 
47.045172 5198.000000 
47.071421 5272.000000 
47.097670 5238.000000 
47.123919 5291.000000 
47.150168 5264.000000 
47.176417 5242.000000 
47.202666 5311.000000 
47.228915 5281.000000 
47.255165 5414.000000 
47.281414 5297.000000 
47.307663 5331.000000 
47.333912 5312.000000 
47.360161 5275.000000 
47.386410 5181.000000 
47.412659 5160.000000 
47.438908 5282.000000 
47.465157 5362.000000 
47.491406 5179.000000 
47.517655 5201.000000 
47.543904 5216.000000 
47.570153 5270.000000 
47.596402 5297.000000 
47.622652 5229.000000 
47.648901 5285.000000 
47.675150 5233.000000 
47.701399 5171.000000 
47.727648 5265.000000 
47.753897 5228.000000 
47.780146 5005.000000 
47.806395 5135.000000 
47.832644 5201.000000 
47.858893 5311.000000 
47.885142 5302.000000 
47.911391 5344.000000 
47.937640 5159.000000 
47.963889 5256.000000 
47.990139 5213.000000 
48.016388 5261.000000 
48.042637 5134.000000 
48.068886 5291.000000 
48.095135 5171.000000 
48.121384 5189.000000 
48.147633 5228.000000 
48.173882 5237.000000 
48.200131 5328.000000 
48.226380 5181.000000 
48.252629 5175.000000 
48.278878 5268.000000 
48.305127 5202.000000 
48.331377 5233.000000 
48.357626 5225.000000 
48.383875 5193.000000 
48.410124 5242.000000 
48.436373 5137.000000 
48.462622 5354.000000 
48.488871 5253.000000 
48.515120 5271.000000 
48.541369 5198.000000 
48.567618 5340.000000 
48.593867 5304.000000 
48.620116 5144.000000 
48.646365 5192.000000 
48.672614 5188.000000 
48.698864 5241.000000 
48.725113 5303.000000 
48.751362 5201.000000 
48.777611 5274.000000 
48.803860 5239.000000 
48.830109 5287.000000 
48.856358 5121.000000 
48.882607 5252.000000 
48.908856 5230.000000 
48.935105 5197.000000 
48.961354 5253.000000 
48.987603 5278.000000 
49.013852 5273.000000 
49.040101 5281.000000 
49.066351 5188.000000 
49.092600 5111.000000 
49.118849 5234.000000 
49.145098 5300.000000 
49.171347 5375.000000 
49.197596 5278.000000 
49.223845 5246.000000 
49.250094 5248.000000 
49.276343 5205.000000 
49.302592 5480.000000 
49.328841 5361.000000 
49.355090 5299.000000 
49.381339 5275.000000 
49.407589 5116.000000 
49.433838 5229.000000 
49.460087 5288.000000 
49.486336 5432.000000 
49.512585 5208.000000 
49.538834 5392.000000 
49.565083 5372.000000 
49.591332 5321.000000 
49.617581 5270.000000 
49.643830 5323.000000 
49.670079 5388.000000 
49.696328 5408.000000 
49.722577 5435.000000 
49.748826 5326.000000 
49.775076 5406.000000 
49.801325 5290.000000 
49.827574 5234.000000 
49.853823 5190.000000 
49.880072 5273.000000 
49.906321 5216.000000 
49.932570 5197.000000 
49.958819 5196.000000 
49.985068 5245.000000 
50.011317 5154.000000 
50.037566 5290.000000 
50.063815 5218.000000 
50.090064 5134.000000 
50.116313 5474.000000 
50.142563 5138.000000 
50.168812 5309.000000 
50.195061 5246.000000 
50.221310 5372.000000 
50.247559 5472.000000 
50.273808 5425.000000 
50.300057 5318.000000 
50.326306 5159.000000 
50.352555 5272.000000 
50.378804 5293.000000 
50.405053 5403.000000 
50.431302 5349.000000 
50.457551 5182.000000 
50.483800 5230.000000 
50.510050 5278.000000 
50.536299 5276.000000 
50.562548 5202.000000 
50.588797 5261.000000 
50.615046 5227.000000 
50.641295 5295.000000 
50.667544 5126.000000 
50.693793 5128.000000 
50.720042 5288.000000 
50.746291 5234.000000 
50.772540 5320.000000 
50.798789 5342.000000 
50.825038 5228.000000 
50.851288 5265.000000 
50.877537 5235.000000 
50.903786 5230.000000 
50.930035 5218.000000 
50.956284 5248.000000 
50.982533 5243.000000 
51.008782 5318.000000 
51.035031 5189.000000 
51.061280 5197.000000 
51.087529 5246.000000 
51.113778 5200.000000 
51.140027 5257.000000 
51.166276 5226.000000 
51.192525 5322.000000 
51.218775 5196.000000 
51.245024 5297.000000 
51.271273 5359.000000 
51.297522 5242.000000 
51.323771 5173.000000 
51.350020 5317.000000 
51.376269 5168.000000 
51.402518 5417.000000 
51.428767 5305.000000 
51.455016 5220.000000 
51.481265 5180.000000 
51.507514 5230.000000 
51.533763 5240.000000 
51.560012 5187.000000 
51.586262 5140.000000 
51.612511 5156.000000 
51.638760 5091.000000 
51.665009 5228.000000 
51.691258 5193.000000 
51.717507 5283.000000 
51.743756 5413.000000 
51.770005 5368.000000 
51.796254 5212.000000 
51.822503 5140.000000 
51.848752 5242.000000 
51.875001 5206.000000 
51.901250 5276.000000 
51.927499 5242.000000 
51.953749 5288.000000 
51.979998 5195.000000 
52.006247 5271.000000 
52.032496 5233.000000 
52.058745 5313.000000 
52.084994 5182.000000 
52.111243 5302.000000 
52.137492 5313.000000 
52.163741 5290.000000 
52.189990 5181.000000 
52.216239 5368.000000 
52.242488 5375.000000 
52.268737 5204.000000 
52.294987 5344.000000 
52.321236 5185.000000 
52.347485 5353.000000 
52.373734 5168.000000 
52.399983 5269.000000 
52.426232 5195.000000 
52.452481 5170.000000 
52.478730 5288.000000 
52.504979 5292.000000 
52.531228 5183.000000 
52.557477 5353.000000 
52.583726 5290.000000 
52.609975 5405.000000 
52.636224 5118.000000 
52.662474 5346.000000 
52.688723 5466.000000 
52.714972 5479.000000 
52.741221 5296.000000 
52.767470 5267.000000 
52.793719 5323.000000 
52.819968 5218.000000 
52.846217 5218.000000 
52.872466 5226.000000 
52.898715 5252.000000 
52.924964 5262.000000 
52.951213 5271.000000 
52.977462 5204.000000 
53.003711 5320.000000 
53.029961 5351.000000 
53.056210 5293.000000 
53.082459 5261.000000 
53.108708 5256.000000 
53.134957 5259.000000 
53.161206 5288.000000 
53.187455 5333.000000 
53.213704 5371.000000 
53.239953 5345.000000 
53.266202 5430.000000 
53.292451 5400.000000 
53.318700 5352.000000 
53.344949 5388.000000 
53.371198 5263.000000 
53.397448 5438.000000 
53.423697 5402.000000 
53.449946 5436.000000 
53.476195 5328.000000 
53.502444 5575.000000 
53.528693 5889.000000 
53.554942 6078.000000 
53.581191 6033.000000 
53.607440 5981.000000 
53.633689 5912.000000 
53.659938 5939.000000 
53.686187 5813.000000 
53.712436 5795.000000 
53.738686 5600.000000 
53.764935 5593.000000 
53.791184 5488.000000 
53.817433 5344.000000 
53.843682 5337.000000 
53.869931 5458.000000 
53.896180 5406.000000 
53.922429 5320.000000 
53.948678 5323.000000 
53.974927 5396.000000 
54.001176 5410.000000 
54.027425 5338.000000 
54.053674 5334.000000 
54.079923 5351.000000 
54.106173 5266.000000 
54.132422 5325.000000 
54.158671 5287.000000 
54.184920 5323.000000 
54.211169 5289.000000 
54.237418 5285.000000 
54.263667 5371.000000 
54.289916 5235.000000 
54.316165 5438.000000 
54.342414 5261.000000 
54.368663 5204.000000 
54.394912 5268.000000 
54.421161 5259.000000 
54.447410 5179.000000 
54.473660 5232.000000 
54.499909 5379.000000 
54.526158 5291.000000 
54.552407 5286.000000 
54.578656 5240.000000 
54.604905 5190.000000 
54.631154 5259.000000 
54.657403 5244.000000 
54.683652 5172.000000 
54.709901 5193.000000 
54.736150 5173.000000 
54.762399 5233.000000 
54.788648 5253.000000 
54.814897 5273.000000 
54.841147 5173.000000 
54.867396 5120.000000 
54.893645 5183.000000 
54.919894 5283.000000 
54.946143 5373.000000 
54.972392 5347.000000 
54.998641 5435.000000 
55.024890 5457.000000 
55.051139 5450.000000 
55.077388 5255.000000 
55.103637 5166.000000 
55.129886 5356.000000 
55.156135 5311.000000 
55.182385 5474.000000 
55.208634 5285.000000 
55.234883 5152.000000 
55.261132 5248.000000 
55.287381 5223.000000 
55.313630 5200.000000 
55.339879 5212.000000 
55.366128 5205.000000 
55.392377 5222.000000 
55.418626 5334.000000 
55.444875 5327.000000 
55.471124 5358.000000 
55.497373 5268.000000 
55.523622 5393.000000 
55.549872 5334.000000 
55.576121 5347.000000 
55.602370 5369.000000 
55.628619 5248.000000 
55.654868 5249.000000 
55.681117 5244.000000 
55.707366 5204.000000 
55.733615 5262.000000 
55.759864 5315.000000 
55.786113 5173.000000 
55.812362 5338.000000 
55.838611 5159.000000 
55.864860 5200.000000 
55.891109 5518.000000 
55.917359 5266.000000 
55.943608 5234.000000 
55.969857 5219.000000 
55.996106 5289.000000 
56.022355 5356.000000 
56.048604 5376.000000 
56.074853 5284.000000 
56.101102 5269.000000 
56.127351 5252.000000 
56.153600 5222.000000 
56.179849 5252.000000 
56.206098 5290.000000 
56.232347 5236.000000 
56.258596 5127.000000 
56.284846 5139.000000 
56.311095 5220.000000 
56.337344 5394.000000 
56.363593 5059.000000 
56.389842 5256.000000 
56.416091 5283.000000 
56.442340 5159.000000 
56.468589 5190.000000 
56.494838 5297.000000 
56.521087 5291.000000 
56.547336 5397.000000 
56.573585 5143.000000 
56.599834 5410.000000 
56.626084 5179.000000 
56.652333 5342.000000 
56.678582 5267.000000 
56.704831 5292.000000 
56.731080 5368.000000 
56.757329 5263.000000 
56.783578 5336.000000 
56.809827 5274.000000 
56.836076 5451.000000 
56.862325 5519.000000 
56.888574 5364.000000 
56.914823 5475.000000 
56.941072 5595.000000 
56.967321 5764.000000 
56.993571 6003.000000 
57.019820 6347.000000 
57.046069 6939.000000 
57.072318 7489.000000 
57.098567 7383.000000 
57.124816 7112.000000 
57.151065 6885.000000 
57.177314 6706.000000 
57.203563 6684.000000 
57.229812 6710.000000 
57.256061 6626.000000 
57.282310 6201.000000 
57.308559 5921.000000 
57.334808 5820.000000 
57.361058 5877.000000 
57.387307 5549.000000 
57.413556 5624.000000 
57.439805 5504.000000 
57.466054 5504.000000 
57.492303 5367.000000 
57.518552 5346.000000 
57.544801 5291.000000 
57.571050 5329.000000 
57.597299 5286.000000 
57.623548 5461.000000 
57.649797 5327.000000 
57.676046 5134.000000 
57.702295 5399.000000 
57.728545 5273.000000 
57.754794 5270.000000 
57.781043 5267.000000 
57.807292 5367.000000 
57.833541 5379.000000 
57.859790 5318.000000 
57.886039 5228.000000 
57.912288 5374.000000 
57.938537 5339.000000 
57.964786 5384.000000 
57.991035 5293.000000 
58.017284 5253.000000 
58.043533 5382.000000 
58.069783 5257.000000 
58.096032 5379.000000 
58.122281 5302.000000 
58.148530 5284.000000 
58.174779 5325.000000 
58.201028 5246.000000 
58.227277 5234.000000 
58.253526 5237.000000 
58.279775 5220.000000 
58.306024 5215.000000 
58.332273 5329.000000 
58.358522 5319.000000 
58.384771 5307.000000 
58.411020 5243.000000 
58.437270 5280.000000 
58.463519 5237.000000 
58.489768 5181.000000 
58.516017 5201.000000 
58.542266 5342.000000 
58.568515 5248.000000 
58.594764 5300.000000 
58.621013 5334.000000 
58.647262 5381.000000 
58.673511 5367.000000 
58.699760 5147.000000 
58.726009 5222.000000 
58.752258 5317.000000 
58.778507 5216.000000 
58.804757 5397.000000 
58.831006 5253.000000 
58.857255 5374.000000 
58.883504 5284.000000 
58.909753 5282.000000 
58.936002 5127.000000 
58.962251 5275.000000 
58.988500 5378.000000 
59.014749 5235.000000 
59.040998 5375.000000 
59.067247 5298.000000 
59.093496 5292.000000 
59.119745 5205.000000 
59.145994 5330.000000 
59.172244 5241.000000 
59.198493 5255.000000 
59.224742 5195.000000 
59.250991 5349.000000 
59.277240 5288.000000 
59.303489 5190.000000 
59.329738 5289.000000 
59.355987 5132.000000 
59.382236 5225.000000 
59.408485 5286.000000 
59.434734 5236.000000 
59.460983 5373.000000 
59.487232 5131.000000 
59.513482 5109.000000 
59.539731 5344.000000 
59.565980 5285.000000 
59.592229 5332.000000 
59.618478 5351.000000 
59.644727 5276.000000 
59.670976 5260.000000 
59.697225 5052.000000 
59.723474 5183.000000 
59.749723 5406.000000 
59.775972 5326.000000 
59.802221 5258.000000 
59.828470 5319.000000 
59.854719 5168.000000 
59.880969 5370.000000 
59.907218 5232.000000 
59.933467 5244.000000 
59.959716 5186.000000 
59.985965 5292.000000 
60.012214 5272.000000 
60.038463 5334.000000 
60.064712 5382.000000 
60.090961 5328.000000 
60.117210 5235.000000 
60.143459 5454.000000 
60.169708 5318.000000 
60.195957 5254.000000 
60.222206 5315.000000 
60.248456 5236.000000 
60.274705 5406.000000 
60.300954 5224.000000 
60.327203 5330.000000 
60.353452 5230.000000 
60.379701 5220.000000 
60.405950 5364.000000 
60.432199 5281.000000 
60.458448 5238.000000 
60.484697 5190.000000 
60.510946 5369.000000 
60.537195 5412.000000 
60.563444 5282.000000 
60.589693 5429.000000 
60.615943 5435.000000 
60.642192 5302.000000 
60.668441 5380.000000 
60.694690 5178.000000 
60.720939 5242.000000 
60.747188 5265.000000 
60.773437 5369.000000 
60.799686 5387.000000 
60.825935 5346.000000 
60.852184 5222.000000 
60.878433 5383.000000 
60.904682 5227.000000 
60.930931 5329.000000 
60.957181 5433.000000 
60.983430 5238.000000 
61.009679 5302.000000 
61.035928 5343.000000 
61.062177 5241.000000 
61.088426 5344.000000 
61.114675 5311.000000 
61.140924 5226.000000 
61.167173 5314.000000 
61.193422 5475.000000 
61.219671 5372.000000 
61.245920 5324.000000 
61.272169 5307.000000 
61.298418 5316.000000 
61.324668 5358.000000 
61.350917 5295.000000 
61.377166 5230.000000 
61.403415 5430.000000 
61.429664 5372.000000 
61.455913 5235.000000 
61.482162 5254.000000 
61.508411 5264.000000 
61.534660 5398.000000 
61.560909 5285.000000 
61.587158 5157.000000 
61.613407 5370.000000 
61.639656 5254.000000 
61.665905 5200.000000 
61.692155 5348.000000 
61.718404 5365.000000 
61.744653 5227.000000 
61.770902 5218.000000 
61.797151 5350.000000 
61.823400 5355.000000 
61.849649 5271.000000 
61.875898 5332.000000 
61.902147 5262.000000 
61.928396 5338.000000 
61.954645 5230.000000 
61.980894 5295.000000 
62.007143 5203.000000 
62.033393 5316.000000 
62.059642 5353.000000 
62.085891 5344.000000 
62.112140 5321.000000 
62.138389 5508.000000 
62.164638 5342.000000 
62.190887 5485.000000 
62.217136 5427.000000 
62.243385 5453.000000 
62.269634 5349.000000 
62.295883 5461.000000 
62.322132 5333.000000 
62.348381 5510.000000 
62.374630 5456.000000 
62.400880 5440.000000 
62.427129 5563.000000 
62.453378 5689.000000 
62.479627 5760.000000 
62.505876 5817.000000 
62.532125 5850.000000 
62.558374 6243.000000 
62.584623 6722.000000 
62.610872 7262.000000 
62.637121 7648.000000 
62.663370 8100.000000 
62.689619 7963.000000 
62.715868 7671.000000 
62.742117 7188.000000 
62.768367 7136.000000 
62.794616 7091.000000 
62.820865 7301.000000 
62.847114 7118.000000 
62.873363 6786.000000 
62.899612 6439.000000 
62.925861 6113.000000 
62.952110 5924.000000 
62.978359 5705.000000 
63.004608 5698.000000 
63.030857 5604.000000 
63.057106 5686.000000 
63.083355 5456.000000 
63.109604 5514.000000 
63.135854 5583.000000 
63.162103 5365.000000 
63.188352 5456.000000 
63.214601 5418.000000 
63.240850 5421.000000 
63.267099 5385.000000 
63.293348 5370.000000 
63.319597 5352.000000 
63.345846 5395.000000 
63.372095 5383.000000 
63.398344 5387.000000 
63.424593 5305.000000 
63.450842 5304.000000 
63.477092 5402.000000 
63.503341 5458.000000 
63.529590 5394.000000 
63.555839 5384.000000 
63.582088 5247.000000 
63.608337 5278.000000 
63.634586 5336.000000 
63.660835 5255.000000 
63.687084 5348.000000 
63.713333 5355.000000 
63.739582 5283.000000 
63.765831 5232.000000 
63.792080 5234.000000 
63.818329 5241.000000 
63.844579 5414.000000 
63.870828 5393.000000 
63.897077 5431.000000 
63.923326 5202.000000 
63.949575 5278.000000 
63.975824 5245.000000 
64.002073 5297.000000 
64.028322 5331.000000 
64.054571 5366.000000 
64.080820 5258.000000 
64.107069 5473.000000 
64.133318 5335.000000 
64.159567 5360.000000 
64.185816 5426.000000 
64.212066 5352.000000 
64.238315 5388.000000 
64.264564 5323.000000 
64.290813 5423.000000 
64.317062 5356.000000 
64.343311 5412.000000 
64.369560 5280.000000 
64.395809 5235.000000 
64.422058 5260.000000 
64.448307 5332.000000 
64.474556 5209.000000 
64.500805 5312.000000 
64.527054 5245.000000 
64.553303 5268.000000 
64.579553 5122.000000 
64.605802 5216.000000 
64.632051 5171.000000 
64.658300 5240.000000 
64.684549 5343.000000 
64.710798 5347.000000 
64.737047 5243.000000 
64.763296 5292.000000 
64.789545 5309.000000 
64.815794 5284.000000 
64.842043 5257.000000 
64.868292 5167.000000 
64.894541 5376.000000 
64.920791 5195.000000 
64.947040 5392.000000 
64.973289 5335.000000 
64.999538 5307.000000 
65.025787 5260.000000 
65.052036 5362.000000 
65.078285 5261.000000 
65.104534 5234.000000 
65.130783 5309.000000 
65.157032 5375.000000 
65.183281 5309.000000 
65.209530 5388.000000 
65.235779 5373.000000 
65.262028 5416.000000 
65.288278 5191.000000 
65.314527 5384.000000 
65.340776 5280.000000 
65.367025 5222.000000 
65.393274 5337.000000 
65.419523 5310.000000 
65.445772 5363.000000 
65.472021 5320.000000 
65.498270 5357.000000 
65.524519 5351.000000 
65.550768 5344.000000 
65.577017 5387.000000 
65.603266 5259.000000 
65.629515 5402.000000 
65.655765 5236.000000 
65.682014 5319.000000 
65.708263 5311.000000 
65.734512 5377.000000 
65.760761 5362.000000 
65.787010 5223.000000 
65.813259 5194.000000 
65.839508 5361.000000 
65.865757 5334.000000 
65.892006 5376.000000 
65.918255 5313.000000 
65.944504 5357.000000 
65.970753 5301.000000 
65.997002 5342.000000 
66.023252 5399.000000 
66.049501 5175.000000 
66.075750 5437.000000 
66.101999 5325.000000 
66.128248 5394.000000 
66.154497 5202.000000 
66.180746 5248.000000 
66.206995 5331.000000 
66.233244 5250.000000 
66.259493 5383.000000 
66.285742 5377.000000 
66.311991 5322.000000 
66.338240 5334.000000 
66.364490 5387.000000 
66.390739 5309.000000 
66.416988 5350.000000 
66.443237 5285.000000 
66.469486 5301.000000 
66.495735 5245.000000 
66.521984 5335.000000 
66.548233 5273.000000 
66.574482 5265.000000 
66.600731 5367.000000 
66.626980 5205.000000 
66.653229 5248.000000 
66.679478 5187.000000 
66.705727 5245.000000 
66.731977 5388.000000 
66.758226 5269.000000 
66.784475 5371.000000 
66.810724 5338.000000 
66.836973 5289.000000 
66.863222 5247.000000 
66.889471 5256.000000 
66.915720 5228.000000 
66.941969 5272.000000 
66.968218 5361.000000 
66.994467 5262.000000 
67.020716 5261.000000 
67.046965 5385.000000 
67.073214 5276.000000 
67.099464 5128.000000 
67.125713 5361.000000 
67.151962 5410.000000 
67.178211 5290.000000 
67.204460 5332.000000 
67.230709 5202.000000 
67.256958 5214.000000 
67.283207 5276.000000 
67.309456 5340.000000 
67.335705 5288.000000 
67.361954 5210.000000 
67.388203 5373.000000 
67.414452 5246.000000 
67.440701 5347.000000 
67.466951 5375.000000 
67.493200 5228.000000 
67.519449 5246.000000 
67.545698 5379.000000 
67.571947 5415.000000 
67.598196 5342.000000 
67.624445 5318.000000 
67.650694 5329.000000 
67.676943 5303.000000 
67.703192 5440.000000 
67.729441 5365.000000 
67.755690 5279.000000 
67.781939 5433.000000 
67.808189 5401.000000 
67.834438 5340.000000 
67.860687 5352.000000 
67.886936 5397.000000 
67.913185 5366.000000 
67.939434 5308.000000 
67.965683 5457.000000 
67.991932 5268.000000 
68.018181 5389.000000 
68.044430 5380.000000 
68.070679 5471.000000 
68.096928 5236.000000 
68.123177 5292.000000 
68.149426 5345.000000 
68.175676 5385.000000 
68.201925 5250.000000 
68.228174 5400.000000 
68.254423 5264.000000 
68.280672 5401.000000 
68.306921 5248.000000 
68.333170 5276.000000 
68.359419 5298.000000 
68.385668 5254.000000 
68.411917 5546.000000 
68.438166 5421.000000 
68.464415 5347.000000 
68.490664 5506.000000 
68.516913 5324.000000 
68.543163 5351.000000 
68.569412 5362.000000 
68.595661 5386.000000 
68.621910 5280.000000 
68.648159 5315.000000 
68.674408 5454.000000 
68.700657 5319.000000 
68.726906 5401.000000 
68.753155 5328.000000 
68.779404 5330.000000 
68.805653 5324.000000 
68.831902 5286.000000 
68.858151 5298.000000 
68.884400 5379.000000 
68.910650 5372.000000 
68.936899 5371.000000 
68.963148 5269.000000 
68.989397 5257.000000 
69.015646 5337.000000 
69.041895 5204.000000 
69.068144 5459.000000 
69.094393 5374.000000 
69.120642 5348.000000 
69.146891 5425.000000 
69.173140 5323.000000 
69.199389 5284.000000 
69.225638 5376.000000 
69.251888 5336.000000 
69.278137 5263.000000 
69.304386 5459.000000 
69.330635 5375.000000 
69.356884 5353.000000 
69.383133 5242.000000 
69.409382 5307.000000 
69.435631 5422.000000 
69.461880 5340.000000 
69.488129 5248.000000 
69.514378 5313.000000 
69.540627 5427.000000 
69.566876 5397.000000 
69.593125 5248.000000 
69.619375 5353.000000 
69.645624 5371.000000 
69.671873 5287.000000 
69.698122 5297.000000 
69.724371 5234.000000 
69.750620 5245.000000 
69.776869 5214.000000 
69.803118 5337.000000 
69.829367 5416.000000 
69.855616 5331.000000 
69.881865 5297.000000 
69.908114 5260.000000 
69.934363 5397.000000 
69.960612 5323.000000 
