10.007730 4876.000000 
10.033979 4684.000000 
10.060228 4848.000000 
10.086477 4991.000000 
10.112727 4881.000000 
10.138976 4796.000000 
10.165225 4768.000000 
10.191474 4940.000000 
10.217723 4917.000000 
10.243972 4884.000000 
10.270221 4961.000000 
10.296470 4780.000000 
10.322719 4834.000000 
10.348968 4802.000000 
10.375217 4866.000000 
10.401466 5013.000000 
10.427715 4925.000000 
10.453965 4952.000000 
10.480214 4809.000000 
10.506463 4967.000000 
10.532712 4905.000000 
10.558961 4992.000000 
10.585210 4849.000000 
10.611459 4859.000000 
10.637708 4969.000000 
10.663957 4901.000000 
10.690206 4866.000000 
10.716455 4932.000000 
10.742704 4833.000000 
10.768953 4936.000000 
10.795202 4943.000000 
10.821452 4922.000000 
10.847701 5016.000000 
10.873950 4807.000000 
10.900199 5011.000000 
10.926448 5088.000000 
10.952697 5041.000000 
10.978946 4955.000000 
11.005195 5073.000000 
11.031444 5063.000000 
11.057693 4802.000000 
11.083942 4937.000000 
11.110191 4924.000000 
11.136440 5011.000000 
11.162689 5048.000000 
11.188939 5058.000000 
11.215188 4797.000000 
11.241437 4953.000000 
11.267686 5143.000000 
11.293935 4917.000000 
11.320184 5072.000000 
11.346433 5065.000000 
11.372682 5061.000000 
11.398931 5010.000000 
11.425180 4923.000000 
11.451429 5035.000000 
11.477678 5031.000000 
11.503927 5037.000000 
11.530177 5164.000000 
11.556426 5081.000000 
11.582675 5086.000000 
11.608924 4937.000000 
11.635173 4864.000000 
11.661422 5084.000000 
11.687671 5090.000000 
11.713920 5158.000000 
11.740169 5047.000000 
11.766418 5073.000000 
11.792667 5192.000000 
11.818916 5242.000000 
11.845165 5102.000000 
11.871414 4988.000000 
11.897664 5209.000000 
11.923913 5158.000000 
11.950162 5116.000000 
11.976411 5020.000000 
12.002660 5145.000000 
12.028909 5178.000000 
12.055158 5185.000000 
12.081407 5187.000000 
12.107656 5078.000000 
12.133905 5298.000000 
12.160154 5229.000000 
12.186403 5002.000000 
12.212652 5118.000000 
12.238901 5254.000000 
12.265151 4997.000000 
12.291400 5211.000000 
12.317649 5195.000000 
12.343898 5305.000000 
12.370147 5199.000000 
12.396396 5095.000000 
12.422645 5178.000000 
12.448894 5186.000000 
12.475143 5188.000000 
12.501392 5188.000000 
12.527641 5177.000000 
12.553890 5141.000000 
12.580139 5203.000000 
12.606388 5126.000000 
12.632638 5282.000000 
12.658887 5083.000000 
12.685136 5087.000000 
12.711385 5040.000000 
12.737634 5192.000000 
12.763883 5064.000000 
12.790132 5070.000000 
12.816381 5132.000000 
12.842630 5159.000000 
12.868879 5180.000000 
12.895128 5196.000000 
12.921377 5324.000000 
12.947626 5229.000000 
12.973876 5295.000000 
13.000125 5293.000000 
13.026374 5181.000000 
13.052623 5201.000000 
13.078872 5258.000000 
13.105121 5268.000000 
13.131370 5276.000000 
13.157619 5238.000000 
13.183868 5183.000000 
13.210117 5314.000000 
13.236366 5256.000000 
13.262615 5268.000000 
13.288864 5257.000000 
13.315113 5317.000000 
13.341363 5342.000000 
13.367612 5354.000000 
13.393861 5223.000000 
13.420110 5406.000000 
13.446359 5146.000000 
13.472608 5346.000000 
13.498857 5225.000000 
13.525106 5354.000000 
13.551355 5298.000000 
13.577604 5282.000000 
13.603853 5313.000000 
13.630102 5304.000000 
13.656351 5297.000000 
13.682600 5289.000000 
13.708850 5264.000000 
13.735099 5246.000000 
13.761348 5343.000000 
13.787597 5272.000000 
13.813846 5278.000000 
13.840095 5229.000000 
13.866344 5425.000000 
13.892593 5254.000000 
13.918842 5120.000000 
13.945091 5297.000000 
13.971340 5211.000000 
13.997589 5160.000000 
14.023838 5269.000000 
14.050087 5284.000000 
14.076337 5249.000000 
14.102586 5333.000000 
14.128835 5333.000000 
14.155084 5262.000000 
14.181333 5385.000000 
14.207582 5317.000000 
14.233831 5519.000000 
14.260080 5434.000000 
14.286329 5334.000000 
14.312578 5388.000000 
14.338827 5337.000000 
14.365076 5294.000000 
14.391325 5203.000000 
14.417575 5263.000000 
14.443824 5346.000000 
14.470073 5440.000000 
14.496322 5343.000000 
14.522571 5532.000000 
14.548820 5352.000000 
14.575069 5290.000000 
14.601318 5433.000000 
14.627567 5371.000000 
14.653816 5303.000000 
14.680065 5342.000000 
14.706314 5279.000000 
14.732563 5406.000000 
14.758812 5311.000000 
14.785062 5260.000000 
14.811311 5360.000000 
14.837560 5366.000000 
14.863809 5555.000000 
14.890058 5596.000000 
14.916307 5372.000000 
14.942556 5234.000000 
14.968805 5381.000000 
14.995054 5497.000000 
15.021303 5463.000000 
15.047552 5435.000000 
15.073801 5315.000000 
15.100050 5261.000000 
15.126299 5494.000000 
15.152549 5445.000000 
15.178798 5441.000000 
15.205047 5596.000000 
15.231296 5524.000000 
15.257545 5426.000000 
15.283794 5459.000000 
15.310043 5532.000000 
15.336292 5514.000000 
15.362541 5416.000000 
15.388790 5497.000000 
15.415039 5472.000000 
15.441288 5438.000000 
15.467537 5329.000000 
15.493786 5475.000000 
15.520036 5233.000000 
15.546285 5331.000000 
15.572534 5402.000000 
15.598783 5480.000000 
15.625032 5577.000000 
15.651281 5344.000000 
15.677530 5409.000000 
15.703779 5423.000000 
15.730028 5497.000000 
15.756277 5363.000000 
15.782526 5515.000000 
15.808775 5387.000000 
15.835024 5530.000000 
15.861274 5573.000000 
15.887523 5420.000000 
15.913772 5492.000000 
15.940021 5422.000000 
15.966270 5322.000000 
15.992519 5527.000000 
16.018768 5402.000000 
16.045017 5467.000000 
16.071266 5439.000000 
16.097515 5468.000000 
16.123764 5463.000000 
16.150013 5487.000000 
16.176262 5504.000000 
16.202511 5525.000000 
16.228761 5399.000000 
16.255010 5373.000000 
16.281259 5393.000000 
16.307508 5384.000000 
16.333757 5489.000000 
16.360006 5448.000000 
16.386255 5447.000000 
16.412504 5428.000000 
16.438753 5491.000000 
16.465002 5434.000000 
16.491251 5296.000000 
16.517500 5475.000000 
16.543749 5527.000000 
16.569998 5539.000000 
16.596248 5219.000000 
16.622497 5469.000000 
16.648746 5296.000000 
16.674995 5532.000000 
16.701244 5494.000000 
16.727493 5559.000000 
16.753742 5471.000000 
16.779991 5520.000000 
16.806240 5426.000000 
16.832489 5477.000000 
16.858738 5546.000000 
16.884987 5655.000000 
16.911236 5689.000000 
16.937485 5556.000000 
16.963735 5492.000000 
16.989984 5358.000000 
17.016233 5540.000000 
17.042482 5501.000000 
17.068731 5617.000000 
17.094980 5332.000000 
17.121229 5615.000000 
17.147478 5653.000000 
17.173727 5522.000000 
17.199976 5477.000000 
17.226225 5534.000000 
17.252474 5463.000000 
17.278723 5565.000000 
17.304973 5363.000000 
17.331222 5620.000000 
17.357471 5402.000000 
17.383720 5499.000000 
17.409969 5442.000000 
17.436218 5329.000000 
17.462467 5530.000000 
17.488716 5592.000000 
17.514965 5457.000000 
17.541214 5478.000000 
17.567463 5558.000000 
17.593712 5459.000000 
17.619961 5560.000000 
17.646210 5538.000000 
17.672460 5439.000000 
17.698709 5478.000000 
17.724958 5646.000000 
17.751207 5462.000000 
17.777456 5521.000000 
17.803705 5597.000000 
17.829954 5414.000000 
17.856203 5455.000000 
17.882452 5521.000000 
17.908701 5411.000000 
17.934950 5555.000000 
17.961199 5598.000000 
17.987448 5515.000000 
18.013697 5496.000000 
18.039947 5597.000000 
18.066196 5435.000000 
18.092445 5473.000000 
18.118694 5538.000000 
18.144943 5561.000000 
18.171192 5694.000000 
18.197441 5556.000000 
18.223690 5560.000000 
18.249939 5570.000000 
18.276188 5680.000000 
18.302437 5701.000000 
18.328686 5813.000000 
18.354935 5896.000000 
18.381184 6146.000000 
18.407434 6299.000000 
18.433683 6413.000000 
18.459932 6336.000000 
18.486181 6181.000000 
18.512430 5762.000000 
18.538679 5765.000000 
18.564928 5657.000000 
18.591177 5525.000000 
18.617426 5521.000000 
18.643675 5474.000000 
18.669924 5631.000000 
18.696173 5557.000000 
18.722422 5523.000000 
18.748672 5454.000000 
18.774921 5469.000000 
18.801170 5442.000000 
18.827419 5594.000000 
18.853668 5561.000000 
18.879917 5652.000000 
18.906166 5531.000000 
18.932415 5424.000000 
18.958664 5600.000000 
18.984913 5537.000000 
19.011162 5649.000000 
19.037411 5448.000000 
19.063660 5512.000000 
19.089909 5460.000000 
19.116159 5535.000000 
19.142408 5552.000000 
19.168657 5389.000000 
19.194906 5565.000000 
19.221155 5529.000000 
19.247404 5638.000000 
19.273653 5557.000000 
19.299902 5481.000000 
19.326151 5551.000000 
19.352400 5465.000000 
19.378649 5514.000000 
19.404898 5560.000000 
19.431147 5513.000000 
19.457396 5435.000000 
19.483646 5528.000000 
19.509895 5541.000000 
19.536144 5452.000000 
19.562393 5635.000000 
19.588642 5458.000000 
19.614891 5481.000000 
19.641140 5526.000000 
19.667389 5505.000000 
19.693638 5501.000000 
19.719887 5609.000000 
19.746136 5539.000000 
19.772385 5580.000000 
19.798634 5441.000000 
19.824883 5504.000000 
19.851133 5526.000000 
19.877382 5441.000000 
19.903631 5374.000000 
19.929880 5575.000000 
19.956129 5512.000000 
19.982378 5620.000000 
20.008627 5640.000000 
20.034876 5591.000000 
20.061125 5576.000000 
20.087374 5472.000000 
20.113623 5564.000000 
20.139872 5517.000000 
20.166121 5346.000000 
20.192371 5501.000000 
20.218620 5426.000000 
20.244869 5603.000000 
20.271118 5477.000000 
20.297367 5456.000000 
20.323616 5651.000000 
20.349865 5559.000000 
20.376114 5443.000000 
20.402363 5448.000000 
20.428612 5469.000000 
20.454861 5582.000000 
20.481110 5337.000000 
20.507359 5518.000000 
20.533608 5544.000000 
20.559858 5549.000000 
20.586107 5478.000000 
20.612356 5432.000000 
20.638605 5370.000000 
20.664854 5642.000000 
20.691103 5502.000000 
20.717352 5529.000000 
20.743601 5552.000000 
20.769850 5510.000000 
20.796099 5570.000000 
20.822348 5447.000000 
20.848597 5550.000000 
20.874846 5513.000000 
20.901095 5446.000000 
20.927345 5581.000000 
20.953594 5668.000000 
20.979843 5530.000000 
21.006092 5705.000000 
21.032341 5586.000000 
21.058590 5560.000000 
21.084839 5433.000000 
21.111088 5473.000000 
21.137337 5513.000000 
21.163586 5483.000000 
21.189835 5404.000000 
21.216084 5508.000000 
21.242333 5459.000000 
21.268582 5432.000000 
21.294832 5468.000000 
21.321081 5419.000000 
21.347330 5604.000000 
21.373579 5444.000000 
21.399828 5461.000000 
21.426077 5342.000000 
21.452326 5509.000000 
21.478575 5416.000000 
21.504824 5589.000000 
21.531073 5535.000000 
21.557322 5601.000000 
21.583571 5359.000000 
21.609820 5514.000000 
21.636070 5662.000000 
21.662319 5505.000000 
21.688568 5348.000000 
21.714817 5478.000000 
21.741066 5529.000000 
21.767315 5557.000000 
21.793564 5578.000000 
21.819813 5461.000000 
21.846062 5502.000000 
21.872311 5455.000000 
21.898560 5413.000000 
21.924809 5477.000000 
21.951058 5504.000000 
21.977307 5581.000000 
22.003557 5536.000000 
22.029806 5570.000000 
22.056055 5419.000000 
22.082304 5440.000000 
22.108553 5411.000000 
22.134802 5450.000000 
22.161051 5411.000000 
22.187300 5587.000000 
22.213549 5421.000000 
22.239798 5416.000000 
22.266047 5498.000000 
22.292296 5375.000000 
22.318545 5512.000000 
22.344794 5500.000000 
22.371044 5450.000000 
22.397293 5348.000000 
22.423542 5441.000000 
22.449791 5476.000000 
22.476040 5580.000000 
22.502289 5545.000000 
22.528538 5598.000000 
22.554787 5515.000000 
22.581036 5497.000000 
22.607285 5371.000000 
22.633534 5567.000000 
22.659783 5442.000000 
22.686032 5537.000000 
22.712281 5328.000000 
22.738531 5486.000000 
22.764780 5412.000000 
22.791029 5439.000000 
22.817278 5476.000000 
22.843527 5499.000000 
22.869776 5523.000000 
22.896025 5557.000000 
22.922274 5567.000000 
22.948523 5568.000000 
22.974772 5560.000000 
23.001021 5458.000000 
23.027270 5459.000000 
23.053519 5460.000000 
23.079769 5607.000000 
23.106018 5468.000000 
23.132267 5570.000000 
23.158516 5544.000000 
23.184765 5406.000000 
23.211014 5590.000000 
23.237263 5432.000000 
23.263512 5467.000000 
23.289761 5458.000000 
23.316010 5406.000000 
23.342259 5472.000000 
23.368508 5579.000000 
23.394757 5493.000000 
23.421006 5593.000000 
23.447256 5555.000000 
23.473505 5416.000000 
23.499754 5521.000000 
23.526003 5579.000000 
23.552252 5417.000000 
23.578501 5496.000000 
23.604750 5417.000000 
23.630999 5538.000000 
23.657248 5454.000000 
23.683497 5530.000000 
23.709746 5361.000000 
23.735995 5460.000000 
23.762244 5405.000000 
23.788493 5378.000000 
23.814743 5415.000000 
23.840992 5465.000000 
23.867241 5565.000000 
23.893490 5453.000000 
23.919739 5457.000000 
23.945988 5358.000000 
23.972237 5381.000000 
23.998486 5505.000000 
24.024735 5462.000000 
24.050984 5351.000000 
24.077233 5441.000000 
24.103482 5458.000000 
24.129731 5435.000000 
24.155981 5425.000000 
24.182230 5623.000000 
24.208479 5576.000000 
24.234728 5454.000000 
24.260977 5578.000000 
24.287226 5557.000000 
24.313475 5653.000000 
24.339724 5442.000000 
24.365973 5681.000000 
24.392222 5362.000000 
24.418471 5368.000000 
24.444720 5481.000000 
24.470969 5462.000000 
24.497218 5458.000000 
24.523468 5338.000000 
24.549717 5405.000000 
24.575966 5551.000000 
24.602215 5325.000000 
24.628464 5540.000000 
24.654713 5384.000000 
24.680962 5536.000000 
24.707211 5445.000000 
24.733460 5426.000000 
24.759709 5450.000000 
24.785958 5420.000000 
24.812207 5357.000000 
24.838456 5514.000000 
24.864705 5512.000000 
24.890955 5564.000000 
24.917204 5520.000000 
24.943453 5427.000000 
24.969702 5448.000000 
24.995951 5496.000000 
25.022200 5477.000000 
25.048449 5379.000000 
25.074698 5456.000000 
25.100947 5301.000000 
25.127196 5484.000000 
25.153445 5542.000000 
25.179694 5509.000000 
25.205943 5446.000000 
25.232192 5495.000000 
25.258442 5528.000000 
25.284691 5494.000000 
25.310940 5436.000000 
25.337189 5415.000000 
25.363438 5319.000000 
25.389687 5499.000000 
25.415936 5373.000000 
25.442185 5408.000000 
25.468434 5315.000000 
25.494683 5410.000000 
25.520932 5347.000000 
25.547181 5524.000000 
25.573430 5347.000000 
25.599680 5522.000000 
25.625929 5289.000000 
25.652178 5417.000000 
25.678427 5379.000000 
25.704676 5435.000000 
25.730925 5451.000000 
25.757174 5332.000000 
25.783423 5352.000000 
25.809672 5465.000000 
25.835921 5558.000000 
25.862170 5339.000000 
25.888419 5468.000000 
25.914668 5416.000000 
25.940917 5525.000000 
25.967167 5526.000000 
25.993416 5488.000000 
26.019665 5545.000000 
26.045914 5404.000000 
26.072163 5444.000000 
26.098412 5433.000000 
26.124661 5505.000000 
26.150910 5539.000000 
26.177159 5547.000000 
26.203408 5523.000000 
26.229657 5398.000000 
26.255906 5266.000000 
26.282155 5461.000000 
26.308404 5570.000000 
26.334654 5451.000000 
26.360903 5640.000000 
26.387152 5363.000000 
26.413401 5352.000000 
26.439650 5288.000000 
26.465899 5471.000000 
26.492148 5559.000000 
26.518397 5532.000000 
26.544646 5591.000000 
26.570895 5480.000000 
26.597144 5525.000000 
26.623393 5570.000000 
26.649642 5569.000000 
26.675891 5528.000000 
26.702141 5691.000000 
26.728390 5930.000000 
26.754639 6099.000000 
26.780888 5905.000000 
26.807137 5805.000000 
26.833386 5785.000000 
26.859635 5387.000000 
26.885884 5593.000000 
26.912133 5395.000000 
26.938382 5471.000000 
26.964631 5489.000000 
26.990880 5359.000000 
27.017129 5408.000000 
27.043379 5461.000000 
27.069628 5448.000000 
27.095877 5575.000000 
27.122126 5414.000000 
27.148375 5627.000000 
27.174624 5485.000000 
27.200873 5673.000000 
27.227122 5581.000000 
27.253371 5568.000000 
27.279620 5541.000000 
27.305869 5557.000000 
27.332118 5477.000000 
27.358367 5405.000000 
27.384616 5408.000000 
27.410866 5234.000000 
27.437115 5469.000000 
27.463364 5453.000000 
27.489613 5486.000000 
27.515862 5366.000000 
27.542111 5496.000000 
27.568360 5497.000000 
27.594609 5425.000000 
27.620858 5303.000000 
27.647107 5295.000000 
27.673356 5503.000000 
27.699605 5332.000000 
27.725854 5400.000000 
27.752103 5510.000000 
27.778353 5526.000000 
27.804602 5344.000000 
27.830851 5246.000000 
27.857100 5451.000000 
27.883349 5481.000000 
27.909598 5371.000000 
27.935847 5310.000000 
27.962096 5295.000000 
27.988345 5383.000000 
28.014594 5544.000000 
28.040843 5316.000000 
28.067092 5361.000000 
28.093341 5415.000000 
28.119590 5368.000000 
28.145840 5447.000000 
28.172089 5385.000000 
28.198338 5412.000000 
28.224587 5518.000000 
28.250836 5516.000000 
28.277085 5428.000000 
28.303334 5392.000000 
28.329583 5480.000000 
28.355832 5487.000000 
28.382081 5492.000000 
28.408330 5606.000000 
28.434579 5459.000000 
28.460828 5439.000000 
28.487078 5517.000000 
28.513327 5503.000000 
28.539576 5396.000000 
28.565825 5443.000000 
28.592074 5542.000000 
28.618323 5348.000000 
28.644572 5495.000000 
28.670821 5502.000000 
28.697070 5466.000000 
28.723319 5451.000000 
28.749568 5436.000000 
28.775817 5468.000000 
28.802066 5470.000000 
28.828315 5364.000000 
28.854565 5464.000000 
28.880814 5597.000000 
28.907063 5395.000000 
28.933312 5406.000000 
28.959561 5524.000000 
28.985810 5563.000000 
29.012059 5502.000000 
29.038308 5305.000000 
29.064557 5659.000000 
29.090806 5453.000000 
29.117055 5581.000000 
29.143304 5417.000000 
29.169553 5502.000000 
29.195802 5389.000000 
29.222052 5430.000000 
29.248301 5421.000000 
29.274550 5486.000000 
29.300799 5394.000000 
29.327048 5445.000000 
29.353297 5602.000000 
29.379546 5383.000000 
29.405795 5579.000000 
29.432044 5545.000000 
29.458293 5614.000000 
29.484542 5559.000000 
29.510791 5358.000000 
29.537040 5372.000000 
29.563289 5398.000000 
29.589539 5386.000000 
29.615788 5458.000000 
29.642037 5503.000000 
29.668286 5436.000000 
29.694535 5375.000000 
29.720784 5461.000000 
29.747033 5608.000000 
29.773282 5297.000000 
29.799531 5320.000000 
29.825780 5488.000000 
29.852029 5488.000000 
29.878278 5538.000000 
29.904527 5445.000000 
29.930777 5404.000000 
29.957026 5475.000000 
29.983275 5507.000000 
30.009524 5561.000000 
30.035773 5692.000000 
30.062022 5554.000000 
30.088271 5904.000000 
30.114520 6176.000000 
30.140769 6455.000000 
30.167018 7138.000000 
30.193267 7828.000000 
30.219516 8133.000000 
30.245765 7796.000000 
30.272014 7266.000000 
30.298264 7036.000000 
30.324513 6493.000000 
30.350762 6281.000000 
30.377011 5685.000000 
30.403260 5799.000000 
30.429509 5630.000000 
30.455758 5891.000000 
30.482007 5638.000000 
30.508256 5628.000000 
30.534505 5664.000000 
30.560754 5403.000000 
30.587003 5506.000000 
30.613252 5549.000000 
30.639501 5433.000000 
30.665751 5568.000000 
30.692000 5381.000000 
30.718249 5512.000000 
30.744498 5391.000000 
30.770747 5419.000000 
30.796996 5488.000000 
30.823245 5523.000000 
30.849494 5352.000000 
30.875743 5392.000000 
30.901992 5417.000000 
30.928241 5481.000000 
30.954490 5434.000000 
30.980739 5415.000000 
31.006988 5347.000000 
31.033238 5536.000000 
31.059487 5379.000000 
31.085736 5342.000000 
31.111985 5470.000000 
31.138234 5457.000000 
31.164483 5470.000000 
31.190732 5285.000000 
31.216981 5407.000000 
31.243230 5492.000000 
31.269479 5481.000000 
31.295728 5443.000000 
31.321977 5292.000000 
31.348226 5356.000000 
31.374476 5490.000000 
31.400725 5272.000000 
31.426974 5463.000000 
31.453223 5320.000000 
31.479472 5542.000000 
31.505721 5433.000000 
31.531970 5398.000000 
31.558219 5284.000000 
31.584468 5258.000000 
31.610717 5441.000000 
31.636966 5423.000000 
31.663215 5282.000000 
31.689464 5270.000000 
31.715713 5521.000000 
31.741963 5443.000000 
31.768212 5464.000000 
31.794461 5346.000000 
31.820710 5461.000000 
31.846959 5420.000000 
31.873208 5360.000000 
31.899457 5351.000000 
31.925706 5412.000000 
31.951955 5419.000000 
31.978204 5377.000000 
32.004453 5437.000000 
32.030702 5390.000000 
32.056951 5330.000000 
32.083200 5414.000000 
32.109450 5335.000000 
32.135699 5473.000000 
32.161948 5321.000000 
32.188197 5386.000000 
32.214446 5460.000000 
32.240695 5391.000000 
32.266944 5457.000000 
32.293193 5470.000000 
32.319442 5418.000000 
32.345691 5499.000000 
32.371940 5469.000000 
32.398189 5335.000000 
32.424438 5417.000000 
32.450687 5280.000000 
32.476937 5338.000000 
32.503186 5534.000000 
32.529435 5441.000000 
32.555684 5350.000000 
32.581933 5385.000000 
32.608182 5469.000000 
32.634431 5374.000000 
32.660680 5402.000000 
32.686929 5451.000000 
32.713178 5372.000000 
32.739427 5391.000000 
32.765676 5472.000000 
32.791925 5324.000000 
32.818175 5379.000000 
32.844424 5261.000000 
32.870673 5359.000000 
32.896922 5473.000000 
32.923171 5495.000000 
32.949420 5365.000000 
32.975669 5316.000000 
33.001918 5477.000000 
33.028167 5364.000000 
33.054416 5316.000000 
33.080665 5437.000000 
33.106914 5362.000000 
33.133163 5390.000000 
33.159412 5440.000000 
33.185662 5507.000000 
33.211911 5501.000000 
33.238160 5555.000000 
33.264409 5775.000000 
33.290658 5623.000000 
33.316907 5735.000000 
33.343156 5434.000000 
33.369405 5615.000000 
33.395654 5452.000000 
33.421903 5438.000000 
33.448152 5497.000000 
33.474401 5499.000000 
33.500650 5500.000000 
33.526899 5542.000000 
33.553149 5376.000000 
33.579398 5543.000000 
33.605647 5300.000000 
33.631896 5393.000000 
33.658145 5341.000000 
33.684394 5418.000000 
33.710643 5382.000000 
33.736892 5419.000000 
33.763141 5498.000000 
33.789390 5349.000000 
33.815639 5367.000000 
33.841888 5317.000000 
33.868137 5271.000000 
33.894386 5331.000000 
33.920636 5317.000000 
33.946885 5537.000000 
33.973134 5251.000000 
33.999383 5357.000000 
34.025632 5466.000000 
34.051881 5304.000000 
34.078130 5274.000000 
34.104379 5440.000000 
34.130628 5280.000000 
34.156877 5416.000000 
34.183126 5500.000000 
34.209375 5499.000000 
34.235624 5265.000000 
34.261874 5385.000000 
34.288123 5302.000000 
34.314372 5379.000000 
34.340621 5430.000000 
34.366870 5453.000000 
34.393119 5402.000000 
34.419368 5477.000000 
34.445617 5450.000000 
34.471866 5537.000000 
34.498115 5385.000000 
34.524364 5552.000000 
34.550613 5358.000000 
34.576862 5433.000000 
34.603111 5402.000000 
34.629361 5382.000000 
34.655610 5471.000000 
34.681859 5412.000000 
34.708108 5399.000000 
34.734357 5447.000000 
34.760606 5325.000000 
34.786855 5396.000000 
34.813104 5540.000000 
34.839353 5381.000000 
34.865602 5644.000000 
34.891851 5466.000000 
34.918100 5676.000000 
34.944349 5279.000000 
34.970598 5446.000000 
34.996848 5534.000000 
35.023097 5494.000000 
35.049346 5525.000000 
35.075595 5502.000000 
35.101844 5496.000000 
35.128093 5495.000000 
35.154342 5439.000000 
35.180591 5561.000000 
35.206840 5652.000000 
35.233089 5598.000000 
35.259338 5681.000000 
35.285587 5727.000000 
35.311836 5715.000000 
35.338085 5913.000000 
35.364335 6023.000000 
35.390584 6342.000000 
35.416833 6705.000000 
35.443082 7256.000000 
35.469331 8317.000000 
35.495580 9895.000000 
35.521829 12196.000000 
35.548078 14242.000000 
35.574327 14300.000000 
35.600576 13108.000000 
35.626825 12004.000000 
35.653074 11454.000000 
35.679323 9832.000000 
35.705573 8430.000000 
35.731822 7458.000000 
35.758071 6924.000000 
35.784320 6486.000000 
35.810569 6284.000000 
35.836818 6011.000000 
35.863067 5926.000000 
35.889316 5717.000000 
35.915565 5631.000000 
35.941814 5802.000000 
35.968063 5658.000000 
35.994312 5561.000000 
36.020561 5602.000000 
36.046810 5590.000000 
36.073060 5450.000000 
36.099309 5506.000000 
36.125558 5605.000000 
36.151807 5442.000000 
36.178056 5406.000000 
36.204305 5557.000000 
36.230554 5566.000000 
36.256803 5429.000000 
36.283052 5368.000000 
36.309301 5480.000000 
36.335550 5473.000000 
36.361799 5442.000000 
36.388048 5553.000000 
36.414297 5318.000000 
36.440547 5413.000000 
36.466796 5261.000000 
36.493045 5329.000000 
36.519294 5315.000000 
36.545543 5509.000000 
36.571792 5358.000000 
36.598041 5468.000000 
36.624290 5469.000000 
36.650539 5506.000000 
36.676788 5531.000000 
36.703037 5549.000000 
36.729286 5424.000000 
36.755535 5531.000000 
36.781785 5400.000000 
36.808034 5426.000000 
36.834283 5482.000000 
36.860532 5318.000000 
36.886781 5521.000000 
36.913030 5445.000000 
36.939279 5410.000000 
36.965528 5322.000000 
36.991777 5503.000000 
37.018026 5464.000000 
37.044275 5465.000000 
37.070524 5461.000000 
37.096773 5620.000000 
37.123022 5646.000000 
37.149272 5704.000000 
37.175521 6009.000000 
37.201770 6037.000000 
37.228019 5947.000000 
37.254268 5703.000000 
37.280517 5723.000000 
37.306766 5696.000000 
37.333015 5583.000000 
37.359264 5473.000000 
37.385513 5446.000000 
37.411762 5500.000000 
37.438011 5342.000000 
37.464260 5293.000000 
37.490509 5303.000000 
37.516759 5229.000000 
37.543008 5369.000000 
37.569257 5346.000000 
37.595506 5406.000000 
37.621755 5360.000000 
37.648004 5334.000000 
37.674253 5430.000000 
37.700502 5356.000000 
37.726751 5420.000000 
37.753000 5262.000000 
37.779249 5342.000000 
37.805498 5253.000000 
37.831747 5327.000000 
37.857996 5413.000000 
37.884246 5346.000000 
37.910495 5184.000000 
37.936744 5175.000000 
37.962993 5303.000000 
37.989242 5343.000000 
38.015491 5335.000000 
38.041740 5461.000000 
38.067989 5448.000000 
38.094238 5357.000000 
38.120487 5462.000000 
38.146736 5384.000000 
38.172985 5245.000000 
38.199234 5169.000000 
38.225484 5285.000000 
38.251733 5356.000000 
38.277982 5374.000000 
38.304231 5438.000000 
38.330480 5366.000000 
38.356729 5348.000000 
38.382978 5255.000000 
38.409227 5411.000000 
38.435476 5397.000000 
38.461725 5248.000000 
38.487974 5259.000000 
38.514223 5333.000000 
38.540472 5420.000000 
38.566721 5299.000000 
38.592971 5280.000000 
38.619220 5441.000000 
38.645469 5464.000000 
38.671718 5467.000000 
38.697967 5466.000000 
38.724216 5481.000000 
38.750465 5473.000000 
38.776714 5336.000000 
38.802963 5458.000000 
38.829212 5570.000000 
38.855461 5642.000000 
38.881710 5577.000000 
38.907959 5616.000000 
38.934208 5404.000000 
38.960458 5400.000000 
38.986707 5404.000000 
39.012956 5570.000000 
39.039205 5380.000000 
39.065454 5402.000000 
39.091703 5334.000000 
39.117952 5341.000000 
39.144201 5367.000000 
39.170450 5338.000000 
39.196699 5331.000000 
39.222948 5398.000000 
39.249197 5441.000000 
39.275446 5338.000000 
39.301695 5245.000000 
39.327945 5318.000000 
39.354194 5487.000000 
39.380443 5400.000000 
39.406692 5215.000000 
39.432941 5236.000000 
39.459190 5351.000000 
39.485439 5288.000000 
39.511688 5394.000000 
39.537937 5282.000000 
39.564186 5400.000000 
39.590435 5339.000000 
39.616684 5331.000000 
39.642933 5344.000000 
39.669183 5254.000000 
39.695432 5296.000000 
39.721681 5377.000000 
39.747930 5282.000000 
39.774179 5397.000000 
39.800428 5334.000000 
39.826677 5281.000000 
39.852926 5262.000000 
39.879175 5337.000000 
39.905424 5425.000000 
39.931673 5283.000000 
39.957922 5180.000000 
39.984171 5279.000000 
40.010420 5380.000000 
40.036670 5284.000000 
40.062919 5232.000000 
40.089168 5294.000000 
40.115417 5395.000000 
40.141666 5342.000000 
40.167915 5282.000000 
40.194164 5209.000000 
40.220413 5312.000000 
40.246662 5398.000000 
40.272911 5278.000000 
40.299160 5364.000000 
40.325409 5435.000000 
40.351658 5501.000000 
40.377907 5330.000000 
40.404157 5412.000000 
40.430406 5312.000000 
40.456655 5345.000000 
40.482904 5405.000000 
40.509153 5219.000000 
40.535402 5396.000000 
40.561651 5404.000000 
40.587900 5413.000000 
40.614149 5332.000000 
40.640398 5348.000000 
40.666647 5296.000000 
40.692896 5307.000000 
40.719145 5332.000000 
40.745394 5277.000000 
40.771644 5384.000000 
40.797893 5435.000000 
40.824142 5549.000000 
40.850391 5302.000000 
40.876640 5254.000000 
40.902889 5409.000000 
40.929138 5397.000000 
40.955387 5480.000000 
40.981636 5549.000000 
41.007885 5454.000000 
41.034134 5373.000000 
41.060383 5489.000000 
41.086632 5411.000000 
41.112882 5393.000000 
41.139131 5245.000000 
41.165380 5371.000000 
41.191629 5384.000000 
41.217878 5351.000000 
41.244127 5463.000000 
41.270376 5428.000000 
41.296625 5400.000000 
41.322874 5439.000000 
41.349123 5311.000000 
41.375372 5418.000000 
41.401621 5382.000000 
41.427870 5362.000000 
41.454119 5308.000000 
41.480369 5390.000000 
41.506618 5320.000000 
41.532867 5239.000000 
41.559116 5386.000000 
41.585365 5278.000000 
41.611614 5275.000000 
41.637863 5290.000000 
41.664112 5259.000000 
41.690361 5344.000000 
41.716610 5440.000000 
41.742859 5355.000000 
41.769108 5424.000000 
41.795357 5515.000000 
41.821606 5259.000000 
41.847856 5313.000000 
41.874105 5298.000000 
41.900354 5305.000000 
41.926603 5442.000000 
41.952852 5449.000000 
41.979101 5316.000000 
42.005350 5275.000000 
42.031599 5461.000000 
42.057848 5377.000000 
42.084097 5425.000000 
42.110346 5320.000000 
42.136595 5327.000000 
42.162844 5503.000000 
42.189093 5365.000000 
42.215343 5366.000000 
42.241592 5334.000000 
42.267841 5397.000000 
42.294090 5278.000000 
42.320339 5318.000000 
42.346588 5317.000000 
42.372837 5247.000000 
42.399086 5361.000000 
42.425335 5286.000000 
42.451584 5486.000000 
42.477833 5404.000000 
42.504082 5307.000000 
42.530331 5333.000000 
42.556581 5191.000000 
42.582830 5432.000000 
42.609079 5415.000000 
42.635328 5422.000000 
42.661577 5426.000000 
42.687826 5386.000000 
42.714075 5514.000000 
42.740324 5512.000000 
42.766573 5360.000000 
42.792822 5443.000000 
42.819071 5346.000000 
42.845320 5403.000000 
42.871569 5333.000000 
42.897818 5373.000000 
42.924068 5418.000000 
42.950317 5552.000000 
42.976566 5441.000000 
43.002815 5459.000000 
43.029064 5766.000000 
43.055313 5686.000000 
43.081562 5900.000000 
43.107811 6045.000000 
43.134060 6674.000000 
43.160309 7099.000000 
43.186558 7222.000000 
43.212807 6798.000000 
43.239056 6805.000000 
43.265305 6684.000000 
43.291555 6450.000000 
43.317804 6273.000000 
43.344053 5937.000000 
43.370302 5826.000000 
43.396551 5792.000000 
43.422800 5474.000000 
43.449049 5435.000000 
43.475298 5397.000000 
43.501547 5466.000000 
43.527796 5326.000000 
43.554045 5442.000000 
43.580294 5318.000000 
43.606543 5498.000000 
43.632792 5378.000000 
43.659042 5329.000000 
43.685291 5457.000000 
43.711540 5383.000000 
43.737789 5392.000000 
43.764038 5329.000000 
43.790287 5231.000000 
43.816536 5431.000000 
43.842785 5310.000000 
43.869034 5243.000000 
43.895283 5225.000000 
43.921532 5367.000000 
43.947781 5322.000000 
43.974030 5323.000000 
44.000280 5356.000000 
44.026529 5296.000000 
44.052778 5260.000000 
44.079027 5329.000000 
44.105276 5320.000000 
44.131525 5184.000000 
44.157774 5296.000000 
44.184023 5309.000000 
44.210272 5313.000000 
44.236521 5477.000000 
44.262770 5259.000000 
44.289019 5343.000000 
44.315268 5330.000000 
44.341517 5250.000000 
44.367767 5376.000000 
44.394016 5255.000000 
44.420265 5417.000000 
44.446514 5306.000000 
44.472763 5368.000000 
44.499012 5296.000000 
44.525261 5348.000000 
44.551510 5314.000000 
44.577759 5328.000000 
44.604008 5368.000000 
44.630257 5248.000000 
44.656506 5266.000000 
44.682755 5228.000000 
44.709004 5337.000000 
44.735254 5267.000000 
44.761503 5308.000000 
44.787752 5374.000000 
44.814001 5373.000000 
44.840250 5266.000000 
44.866499 5347.000000 
44.892748 5182.000000 
44.918997 5296.000000 
44.945246 5264.000000 
44.971495 5166.000000 
44.997744 5228.000000 
45.023993 5339.000000 
45.050242 5330.000000 
45.076491 5388.000000 
45.102741 5160.000000 
45.128990 5245.000000 
45.155239 5218.000000 
45.181488 5349.000000 
45.207737 5423.000000 
45.233986 5256.000000 
45.260235 5442.000000 
45.286484 5333.000000 
45.312733 5314.000000 
45.338982 5231.000000 
45.365231 5253.000000 
45.391480 5229.000000 
45.417729 5296.000000 
45.443979 5425.000000 
45.470228 5332.000000 
45.496477 5278.000000 
45.522726 5181.000000 
45.548975 5253.000000 
45.575224 5386.000000 
45.601473 5323.000000 
45.627722 5349.000000 
45.653971 5276.000000 
45.680220 5294.000000 
45.706469 5209.000000 
45.732718 5266.000000 
45.758967 5257.000000 
45.785216 5156.000000 
45.811466 5303.000000 
45.837715 5510.000000 
45.863964 5473.000000 
45.890213 5401.000000 
45.916462 5220.000000 
45.942711 5284.000000 
45.968960 5302.000000 
45.995209 5392.000000 
46.021458 5299.000000 
46.047707 5367.000000 
46.073956 5163.000000 
46.100205 5267.000000 
46.126454 5235.000000 
46.152703 5141.000000 
46.178953 5489.000000 
46.205202 5154.000000 
46.231451 5187.000000 
46.257700 5437.000000 
46.283949 5258.000000 
46.310198 5221.000000 
46.336447 5172.000000 
46.362696 5299.000000 
46.388945 5346.000000 
46.415194 5279.000000 
46.441443 5293.000000 
46.467692 5336.000000 
46.493941 5395.000000 
46.520190 5224.000000 
46.546440 5233.000000 
46.572689 5350.000000 
46.598938 5251.000000 
46.625187 5398.000000 
46.651436 5206.000000 
46.677685 5322.000000 
46.703934 5350.000000 
46.730183 5319.000000 
46.756432 5262.000000 
46.782681 5145.000000 
46.808930 5328.000000 
46.835179 5299.000000 
46.861428 5334.000000 
46.887678 5280.000000 
46.913927 5430.000000 
46.940176 5299.000000 
46.966425 5398.000000 
46.992674 5483.000000 
47.018923 5315.000000 
47.045172 5188.000000 
47.071421 5249.000000 
47.097670 5297.000000 
47.123919 5262.000000 
47.150168 5171.000000 
47.176417 5388.000000 
47.202666 5290.000000 
47.228915 5298.000000 
47.255165 5446.000000 
47.281414 5293.000000 
47.307663 5403.000000 
47.333912 5288.000000 
47.360161 5279.000000 
47.386410 5314.000000 
47.412659 5294.000000 
47.438908 5290.000000 
47.465157 5320.000000 
47.491406 5277.000000 
47.517655 5351.000000 
47.543904 5317.000000 
47.570153 5398.000000 
47.596402 5416.000000 
47.622652 5297.000000 
47.648901 5348.000000 
47.675150 5252.000000 
47.701399 5271.000000 
47.727648 5240.000000 
47.753897 5379.000000 
47.780146 5256.000000 
47.806395 5384.000000 
47.832644 5272.000000 
47.858893 5285.000000 
47.885142 5393.000000 
47.911391 5254.000000 
47.937640 5223.000000 
47.963889 5400.000000 
47.990139 5425.000000 
48.016388 5369.000000 
48.042637 5287.000000 
48.068886 5305.000000 
48.095135 5479.000000 
48.121384 5082.000000 
48.147633 5242.000000 
48.173882 5362.000000 
48.200131 5180.000000 
48.226380 5184.000000 
48.252629 5367.000000 
48.278878 5074.000000 
48.305127 5293.000000 
48.331377 5194.000000 
48.357626 5202.000000 
48.383875 5338.000000 
48.410124 5353.000000 
48.436373 5156.000000 
48.462622 5352.000000 
48.488871 5315.000000 
48.515120 5276.000000 
48.541369 5295.000000 
48.567618 5220.000000 
48.593867 5286.000000 
48.620116 5310.000000 
48.646365 5249.000000 
48.672614 5278.000000 
48.698864 5322.000000 
48.725113 5389.000000 
48.751362 5272.000000 
48.777611 5372.000000 
48.803860 5208.000000 
48.830109 5347.000000 
48.856358 5397.000000 
48.882607 5519.000000 
48.908856 5478.000000 
48.935105 5421.000000 
48.961354 5326.000000 
48.987603 5364.000000 
49.013852 5392.000000 
49.040101 5411.000000 
49.066351 5335.000000 
49.092600 5261.000000 
49.118849 5281.000000 
49.145098 5285.000000 
49.171347 5231.000000 
49.197596 5340.000000 
49.223845 5304.000000 
49.250094 5277.000000 
49.276343 5487.000000 
49.302592 5313.000000 
49.328841 5278.000000 
49.355090 5267.000000 
49.381339 5246.000000 
49.407589 5132.000000 
49.433838 5343.000000 
49.460087 5469.000000 
49.486336 5301.000000 
49.512585 5376.000000 
49.538834 5348.000000 
49.565083 5264.000000 
49.591332 5411.000000 
49.617581 5215.000000 
49.643830 5347.000000 
49.670079 5347.000000 
49.696328 5370.000000 
49.722577 5354.000000 
49.748826 5150.000000 
49.775076 5299.000000 
49.801325 5213.000000 
49.827574 5263.000000 
49.853823 5179.000000 
49.880072 5296.000000 
49.906321 5368.000000 
49.932570 5253.000000 
49.958819 5454.000000 
49.985068 5163.000000 
50.011317 5332.000000 
50.037566 5156.000000 
50.063815 5275.000000 
50.090064 5264.000000 
50.116313 5371.000000 
50.142563 5272.000000 
50.168812 5350.000000 
50.195061 5364.000000 
50.221310 5344.000000 
50.247559 5473.000000 
50.273808 5385.000000 
50.300057 5265.000000 
50.326306 5226.000000 
50.352555 5416.000000 
50.378804 5420.000000 
50.405053 5330.000000 
50.431302 5215.000000 
50.457551 5434.000000 
50.483800 5396.000000 
50.510050 5351.000000 
50.536299 5366.000000 
50.562548 5424.000000 
50.588797 5359.000000 
50.615046 5131.000000 
50.641295 5304.000000 
50.667544 5352.000000 
50.693793 5220.000000 
50.720042 5230.000000 
50.746291 5297.000000 
50.772540 5273.000000 
50.798789 5121.000000 
50.825038 5268.000000 
50.851288 5317.000000 
50.877537 5203.000000 
50.903786 5368.000000 
50.930035 5255.000000 
50.956284 5340.000000 
50.982533 5299.000000 
51.008782 5395.000000 
51.035031 5268.000000 
51.061280 5304.000000 
51.087529 5307.000000 
51.113778 5337.000000 
51.140027 5362.000000 
51.166276 5232.000000 
51.192525 5159.000000 
51.218775 5297.000000 
51.245024 5312.000000 
51.271273 5259.000000 
51.297522 5224.000000 
51.323771 5137.000000 
51.350020 5331.000000 
51.376269 5318.000000 
51.402518 5411.000000 
51.428767 5256.000000 
51.455016 5327.000000 
51.481265 5270.000000 
51.507514 5338.000000 
51.533763 5303.000000 
51.560012 5331.000000 
51.586262 5262.000000 
51.612511 5272.000000 
51.638760 5338.000000 
51.665009 5334.000000 
51.691258 5474.000000 
51.717507 5282.000000 
51.743756 5347.000000 
51.770005 5330.000000 
51.796254 5350.000000 
51.822503 5351.000000 
51.848752 5264.000000 
51.875001 5159.000000 
51.901250 5305.000000 
51.927499 5282.000000 
51.953749 5291.000000 
51.979998 5362.000000 
52.006247 5278.000000 
52.032496 5525.000000 
52.058745 5376.000000 
52.084994 5460.000000 
52.111243 5396.000000 
52.137492 5331.000000 
52.163741 5458.000000 
52.189990 5370.000000 
52.216239 5403.000000 
52.242488 5331.000000 
52.268737 5420.000000 
52.294987 5216.000000 
52.321236 5334.000000 
52.347485 5290.000000 
52.373734 5290.000000 
52.399983 5332.000000 
52.426232 5361.000000 
52.452481 5178.000000 
52.478730 5360.000000 
52.504979 5168.000000 
52.531228 5394.000000 
52.557477 5213.000000 
52.583726 5385.000000 
52.609975 5342.000000 
52.636224 5279.000000 
52.662474 5290.000000 
52.688723 5430.000000 
52.714972 5388.000000 
52.741221 5302.000000 
52.767470 5286.000000 
52.793719 5274.000000 
52.819968 5275.000000 
52.846217 5095.000000 
52.872466 5302.000000 
52.898715 5211.000000 
52.924964 5196.000000 
52.951213 5409.000000 
52.977462 5349.000000 
53.003711 5291.000000 
53.029961 5341.000000 
53.056210 5204.000000 
53.082459 5380.000000 
53.108708 5270.000000 
53.134957 5363.000000 
53.161206 5380.000000 
53.187455 5257.000000 
53.213704 5329.000000 
53.239953 5274.000000 
53.266202 5425.000000 
53.292451 5297.000000 
53.318700 5278.000000 
53.344949 5366.000000 
53.371198 5243.000000 
53.397448 5430.000000 
53.423697 5520.000000 
53.449946 5630.000000 
53.476195 5582.000000 
53.502444 5929.000000 
53.528693 5978.000000 
53.554942 5920.000000 
53.581191 5864.000000 
53.607440 5841.000000 
53.633689 5700.000000 
53.659938 5781.000000 
53.686187 5588.000000 
53.712436 5681.000000 
53.738686 5545.000000 
53.764935 5518.000000 
53.791184 5318.000000 
53.817433 5312.000000 
53.843682 5337.000000 
53.869931 5274.000000 
53.896180 5209.000000 
53.922429 5314.000000 
53.948678 5297.000000 
53.974927 5318.000000 
54.001176 5317.000000 
54.027425 5452.000000 
54.053674 5276.000000 
54.079923 5429.000000 
54.106173 5341.000000 
54.132422 5310.000000 
54.158671 5486.000000 
54.184920 5362.000000 
54.211169 5307.000000 
54.237418 5374.000000 
54.263667 5318.000000 
54.289916 5444.000000 
54.316165 5475.000000 
54.342414 5412.000000 
54.368663 5311.000000 
54.394912 5391.000000 
54.421161 5255.000000 
54.447410 5402.000000 
54.473660 5394.000000 
54.499909 5270.000000 
54.526158 5178.000000 
54.552407 5240.000000 
54.578656 5331.000000 
54.604905 5256.000000 
54.631154 5236.000000 
54.657403 5366.000000 
54.683652 5280.000000 
54.709901 5251.000000 
54.736150 5185.000000 
54.762399 5403.000000 
54.788648 5259.000000 
54.814897 5393.000000 
54.841147 5321.000000 
54.867396 5416.000000 
54.893645 5239.000000 
54.919894 5263.000000 
54.946143 5288.000000 
54.972392 5265.000000 
54.998641 5398.000000 
55.024890 5373.000000 
55.051139 5251.000000 
55.077388 5395.000000 
55.103637 5336.000000 
55.129886 5312.000000 
55.156135 5236.000000 
55.182385 5332.000000 
55.208634 5229.000000 
55.234883 5199.000000 
55.261132 5207.000000 
55.287381 5316.000000 
55.313630 5225.000000 
55.339879 5228.000000 
55.366128 5331.000000 
55.392377 5379.000000 
55.418626 5312.000000 
55.444875 5285.000000 
55.471124 5364.000000 
55.497373 5396.000000 
55.523622 5307.000000 
55.549872 5261.000000 
55.576121 5301.000000 
55.602370 5314.000000 
55.628619 5344.000000 
55.654868 5409.000000 
55.681117 5317.000000 
55.707366 5227.000000 
55.733615 5307.000000 
55.759864 5217.000000 
55.786113 5329.000000 
55.812362 5293.000000 
55.838611 5416.000000 
55.864860 5352.000000 
55.891109 5450.000000 
55.917359 5193.000000 
55.943608 5235.000000 
55.969857 5359.000000 
55.996106 5325.000000 
56.022355 5270.000000 
56.048604 5180.000000 
56.074853 5272.000000 
56.101102 5313.000000 
56.127351 5327.000000 
56.153600 5399.000000 
56.179849 5282.000000 
56.206098 5416.000000 
56.232347 5390.000000 
56.258596 5386.000000 
56.284846 5350.000000 
56.311095 5185.000000 
56.337344 5301.000000 
56.363593 5254.000000 
56.389842 5256.000000 
56.416091 5352.000000 
56.442340 5303.000000 
56.468589 5381.000000 
56.494838 5329.000000 
56.521087 5364.000000 
56.547336 5218.000000 
56.573585 5297.000000 
56.599834 5320.000000 
56.626084 5302.000000 
56.652333 5298.000000 
56.678582 5336.000000 
56.704831 5335.000000 
56.731080 5380.000000 
56.757329 5467.000000 
56.783578 5598.000000 
56.809827 5516.000000 
56.836076 5575.000000 
56.862325 5612.000000 
56.888574 5750.000000 
56.914823 5744.000000 
56.941072 5894.000000 
56.967321 6147.000000 
56.993571 6489.000000 
57.019820 7291.000000 
57.046069 7593.000000 
57.072318 7594.000000 
57.098567 7336.000000 
57.124816 6958.000000 
57.151065 6760.000000 
57.177314 6704.000000 
57.203563 6732.000000 
57.229812 6706.000000 
57.256061 6359.000000 
57.282310 6095.000000 
57.308559 5861.000000 
57.334808 5701.000000 
57.361058 5594.000000 
57.387307 5610.000000 
57.413556 5456.000000 
57.439805 5477.000000 
57.466054 5438.000000 
57.492303 5317.000000 
57.518552 5350.000000 
57.544801 5631.000000 
57.571050 5474.000000 
57.597299 5321.000000 
57.623548 5372.000000 
57.649797 5422.000000 
57.676046 5440.000000 
57.702295 5403.000000 
57.728545 5479.000000 
57.754794 5254.000000 
57.781043 5450.000000 
57.807292 5435.000000 
57.833541 5465.000000 
57.859790 5446.000000 
57.886039 5235.000000 
57.912288 5336.000000 
57.938537 5487.000000 
57.964786 5268.000000 
57.991035 5306.000000 
58.017284 5374.000000 
58.043533 5344.000000 
58.069783 5430.000000 
58.096032 5318.000000 
58.122281 5415.000000 
58.148530 5273.000000 
58.174779 5233.000000 
58.201028 5278.000000 
58.227277 5382.000000 
58.253526 5325.000000 
58.279775 5341.000000 
58.306024 5097.000000 
58.332273 5362.000000 
58.358522 5342.000000 
58.384771 5359.000000 
58.411020 5364.000000 
58.437270 5284.000000 
58.463519 5342.000000 
58.489768 5279.000000 
58.516017 5389.000000 
58.542266 5335.000000 
58.568515 5332.000000 
58.594764 5344.000000 
58.621013 5387.000000 
58.647262 5364.000000 
58.673511 5370.000000 
58.699760 5339.000000 
58.726009 5292.000000 
58.752258 5203.000000 
58.778507 5470.000000 
58.804757 5307.000000 
58.831006 5308.000000 
58.857255 5145.000000 
58.883504 5354.000000 
58.909753 5339.000000 
58.936002 5367.000000 
58.962251 5270.000000 
58.988500 5393.000000 
59.014749 5391.000000 
59.040998 5385.000000 
59.067247 5247.000000 
59.093496 5314.000000 
59.119745 5288.000000 
59.145994 5340.000000 
59.172244 5287.000000 
59.198493 5416.000000 
59.224742 5338.000000 
59.250991 5335.000000 
59.277240 5396.000000 
59.303489 5257.000000 
59.329738 5326.000000 
59.355987 5203.000000 
59.382236 5409.000000 
59.408485 5208.000000 
59.434734 5265.000000 
59.460983 5379.000000 
59.487232 5227.000000 
59.513482 5257.000000 
59.539731 5302.000000 
59.565980 5355.000000 
59.592229 5318.000000 
59.618478 5361.000000 
59.644727 5288.000000 
59.670976 5320.000000 
59.697225 5370.000000 
59.723474 5362.000000 
59.749723 5344.000000 
59.775972 5379.000000 
59.802221 5402.000000 
59.828470 5269.000000 
59.854719 5402.000000 
59.880969 5359.000000 
59.907218 5351.000000 
59.933467 5272.000000 
59.959716 5351.000000 
59.985965 5303.000000 
60.012214 5445.000000 
60.038463 5389.000000 
60.064712 5400.000000 
60.090961 5397.000000 
60.117210 5301.000000 
60.143459 5313.000000 
60.169708 5446.000000 
60.195957 5426.000000 
60.222206 5275.000000 
60.248456 5417.000000 
60.274705 5335.000000 
60.300954 5330.000000 
60.327203 5431.000000 
60.353452 5342.000000 
60.379701 5409.000000 
60.405950 5281.000000 
60.432199 5385.000000 
60.458448 5285.000000 
60.484697 5387.000000 
60.510946 5243.000000 
60.537195 5367.000000 
60.563444 5245.000000 
60.589693 5497.000000 
60.615943 5194.000000 
60.642192 5333.000000 
60.668441 5383.000000 
60.694690 5390.000000 
60.720939 5349.000000 
60.747188 5337.000000 
60.773437 5384.000000 
60.799686 5382.000000 
60.825935 5330.000000 
60.852184 5393.000000 
60.878433 5453.000000 
60.904682 5188.000000 
60.930931 5230.000000 
60.957181 5520.000000 
60.983430 5417.000000 
61.009679 5290.000000 
61.035928 5448.000000 
61.062177 5327.000000 
61.088426 5431.000000 
61.114675 5306.000000 
61.140924 5279.000000 
61.167173 5330.000000 
61.193422 5228.000000 
61.219671 5388.000000 
61.245920 5309.000000 
61.272169 5285.000000 
61.298418 5299.000000 
61.324668 5343.000000 
61.350917 5228.000000 
61.377166 5293.000000 
61.403415 5431.000000 
61.429664 5275.000000 
61.455913 5225.000000 
61.482162 5395.000000 
61.508411 5349.000000 
61.534660 5411.000000 
61.560909 5428.000000 
61.587158 5339.000000 
61.613407 5335.000000 
61.639656 5463.000000 
61.665905 5392.000000 
61.692155 5458.000000 
61.718404 5370.000000 
61.744653 5544.000000 
61.770902 5444.000000 
61.797151 5423.000000 
61.823400 5315.000000 
61.849649 5441.000000 
61.875898 5400.000000 
61.902147 5365.000000 
61.928396 5388.000000 
61.954645 5344.000000 
61.980894 5530.000000 
62.007143 5284.000000 
62.033393 5279.000000 
62.059642 5359.000000 
62.085891 5382.000000 
62.112140 5367.000000 
62.138389 5534.000000 
62.164638 5428.000000 
62.190887 5401.000000 
62.217136 5315.000000 
62.243385 5357.000000 
62.269634 5341.000000 
62.295883 5413.000000 
62.322132 5276.000000 
62.348381 5576.000000 
62.374630 5576.000000 
62.400880 5563.000000 
62.427129 5679.000000 
62.453378 5684.000000 
62.479627 5901.000000 
62.505876 6083.000000 
62.532125 6156.000000 
62.558374 6768.000000 
62.584623 7227.000000 
62.610872 7869.000000 
62.637121 8472.000000 
62.663370 7965.000000 
62.689619 7528.000000 
62.715868 7367.000000 
62.742117 7030.000000 
62.768367 7202.000000 
62.794616 7144.000000 
62.820865 6968.000000 
62.847114 6861.000000 
62.873363 6414.000000 
62.899612 6152.000000 
62.925861 6052.000000 
62.952110 5783.000000 
62.978359 5635.000000 
63.004608 5572.000000 
63.030857 5549.000000 
63.057106 5499.000000 
63.083355 5458.000000 
63.109604 5373.000000 
63.135854 5463.000000 
63.162103 5367.000000 
63.188352 5429.000000 
63.214601 5481.000000 
63.240850 5268.000000 
63.267099 5349.000000 
63.293348 5375.000000 
63.319597 5384.000000 
63.345846 5339.000000 
63.372095 5373.000000 
63.398344 5377.000000 
63.424593 5383.000000 
63.450842 5427.000000 
63.477092 5415.000000 
63.503341 5305.000000 
63.529590 5372.000000 
63.555839 5336.000000 
63.582088 5350.000000 
63.608337 5355.000000 
63.634586 5395.000000 
63.660835 5211.000000 
63.687084 5214.000000 
63.713333 5493.000000 
63.739582 5405.000000 
63.765831 5360.000000 
63.792080 5416.000000 
63.818329 5297.000000 
63.844579 5192.000000 
63.870828 5363.000000 
63.897077 5468.000000 
63.923326 5338.000000 
63.949575 5309.000000 
63.975824 5518.000000 
64.002073 5453.000000 
64.028322 5483.000000 
64.054571 5432.000000 
64.080820 5407.000000 
64.107069 5390.000000 
64.133318 5318.000000 
64.159567 5442.000000 
64.185816 5376.000000 
64.212066 5322.000000 
64.238315 5346.000000 
64.264564 5423.000000 
64.290813 5290.000000 
64.317062 5409.000000 
64.343311 5329.000000 
64.369560 5382.000000 
64.395809 5129.000000 
64.422058 5442.000000 
64.448307 5394.000000 
64.474556 5261.000000 
64.500805 5390.000000 
64.527054 5319.000000 
64.553303 5474.000000 
64.579553 5354.000000 
64.605802 5251.000000 
64.632051 5352.000000 
64.658300 5301.000000 
64.684549 5267.000000 
64.710798 5353.000000 
64.737047 5278.000000 
64.763296 5345.000000 
64.789545 5306.000000 
64.815794 5262.000000 
64.842043 5314.000000 
64.868292 5435.000000 
64.894541 5237.000000 
64.920791 5292.000000 
64.947040 5355.000000 
64.973289 5237.000000 
64.999538 5422.000000 
65.025787 5431.000000 
65.052036 5353.000000 
65.078285 5450.000000 
65.104534 5294.000000 
65.130783 5262.000000 
65.157032 5336.000000 
65.183281 5430.000000 
65.209530 5300.000000 
65.235779 5278.000000 
65.262028 5218.000000 
65.288278 5265.000000 
65.314527 5345.000000 
65.340776 5443.000000 
65.367025 5359.000000 
65.393274 5275.000000 
65.419523 5423.000000 
65.445772 5332.000000 
65.472021 5353.000000 
65.498270 5144.000000 
65.524519 5325.000000 
65.550768 5422.000000 
65.577017 5342.000000 
65.603266 5304.000000 
65.629515 5359.000000 
65.655765 5429.000000 
65.682014 5318.000000 
65.708263 5272.000000 
65.734512 5491.000000 
65.760761 5317.000000 
65.787010 5400.000000 
65.813259 5450.000000 
65.839508 5565.000000 
65.865757 5443.000000 
65.892006 5468.000000 
65.918255 5420.000000 
65.944504 5269.000000 
65.970753 5413.000000 
65.997002 5334.000000 
66.023252 5348.000000 
66.049501 5263.000000 
66.075750 5327.000000 
66.101999 5407.000000 
66.128248 5440.000000 
66.154497 5351.000000 
66.180746 5270.000000 
66.206995 5420.000000 
66.233244 5387.000000 
66.259493 5436.000000 
66.285742 5408.000000 
66.311991 5425.000000 
66.338240 5294.000000 
66.364490 5315.000000 
66.390739 5396.000000 
66.416988 5307.000000 
66.443237 5356.000000 
66.469486 5304.000000 
66.495735 5368.000000 
66.521984 5292.000000 
66.548233 5313.000000 
66.574482 5205.000000 
66.600731 5454.000000 
66.626980 5356.000000 
66.653229 5444.000000 
66.679478 5303.000000 
66.705727 5363.000000 
66.731977 5319.000000 
66.758226 5332.000000 
66.784475 5272.000000 
66.810724 5219.000000 
66.836973 5346.000000 
66.863222 5327.000000 
66.889471 5314.000000 
66.915720 5362.000000 
66.941969 5468.000000 
66.968218 5392.000000 
66.994467 5267.000000 
67.020716 5396.000000 
67.046965 5450.000000 
67.073214 5504.000000 
67.099464 5327.000000 
67.125713 5447.000000 
67.151962 5372.000000 
67.178211 5400.000000 
67.204460 5350.000000 
67.230709 5393.000000 
67.256958 5273.000000 
67.283207 5257.000000 
67.309456 5357.000000 
67.335705 5286.000000 
67.361954 5431.000000 
67.388203 5364.000000 
67.414452 5364.000000 
67.440701 5362.000000 
67.466951 5429.000000 
67.493200 5280.000000 
67.519449 5462.000000 
67.545698 5534.000000 
67.571947 5374.000000 
67.598196 5326.000000 
67.624445 5337.000000 
67.650694 5262.000000 
67.676943 5331.000000 
67.703192 5243.000000 
67.729441 5289.000000 
67.755690 5436.000000 
67.781939 5380.000000 
67.808189 5488.000000 
67.834438 5350.000000 
67.860687 5423.000000 
67.886936 5396.000000 
67.913185 5484.000000 
67.939434 5318.000000 
67.965683 5445.000000 
67.991932 5323.000000 
68.018181 5304.000000 
68.044430 5391.000000 
68.070679 5321.000000 
68.096928 5443.000000 
68.123177 5354.000000 
68.149426 5435.000000 
68.175676 5428.000000 
68.201925 5489.000000 
68.228174 5418.000000 
68.254423 5454.000000 
68.280672 5376.000000 
68.306921 5428.000000 
68.333170 5427.000000 
68.359419 5455.000000 
68.385668 5384.000000 
68.411917 5441.000000 
68.438166 5240.000000 
68.464415 5427.000000 
68.490664 5451.000000 
68.516913 5437.000000 
68.543163 5305.000000 
68.569412 5463.000000 
68.595661 5359.000000 
68.621910 5313.000000 
68.648159 5307.000000 
68.674408 5320.000000 
68.700657 5356.000000 
68.726906 5367.000000 
68.753155 5414.000000 
68.779404 5323.000000 
68.805653 5473.000000 
68.831902 5303.000000 
68.858151 5331.000000 
68.884400 5482.000000 
68.910650 5453.000000 
68.936899 5396.000000 
68.963148 5324.000000 
68.989397 5450.000000 
69.015646 5330.000000 
69.041895 5458.000000 
69.068144 5276.000000 
69.094393 5351.000000 
69.120642 5373.000000 
69.146891 5482.000000 
69.173140 5487.000000 
69.199389 5372.000000 
69.225638 5345.000000 
69.251888 5466.000000 
69.278137 5292.000000 
69.304386 5353.000000 
69.330635 5339.000000 
69.356884 5401.000000 
69.383133 5383.000000 
69.409382 5569.000000 
69.435631 5323.000000 
69.461880 5263.000000 
69.488129 5350.000000 
69.514378 5422.000000 
69.540627 5414.000000 
69.566876 5495.000000 
69.593125 5383.000000 
69.619375 5320.000000 
69.645624 5499.000000 
69.671873 5445.000000 
69.698122 5320.000000 
69.724371 5397.000000 
69.750620 5352.000000 
69.776869 5433.000000 
69.803118 5311.000000 
69.829367 5357.000000 
69.855616 5309.000000 
69.881865 5402.000000 
69.908114 5417.000000 
69.934363 5346.000000 
69.960612 5275.000000 
