10.007730 4617.000000 
10.033979 4617.000000 
10.060228 4475.000000 
10.086477 4662.000000 
10.112727 4655.000000 
10.138976 4592.000000 
10.165225 4605.000000 
10.191474 4526.000000 
10.217723 4533.000000 
10.243972 4708.000000 
10.270221 4547.000000 
10.296470 4770.000000 
10.322719 4789.000000 
10.348968 4720.000000 
10.375217 4766.000000 
10.401466 4488.000000 
10.427715 4674.000000 
10.453965 4673.000000 
10.480214 4691.000000 
10.506463 4750.000000 
10.532712 4734.000000 
10.558961 4719.000000 
10.585210 4617.000000 
10.611459 4667.000000 
10.637708 4751.000000 
10.663957 4772.000000 
10.690206 4662.000000 
10.716455 4675.000000 
10.742704 4831.000000 
10.768953 4757.000000 
10.795202 4594.000000 
10.821452 4742.000000 
10.847701 4673.000000 
10.873950 4717.000000 
10.900199 4618.000000 
10.926448 4788.000000 
10.952697 4829.000000 
10.978946 4707.000000 
11.005195 4762.000000 
11.031444 4829.000000 
11.057693 4655.000000 
11.083942 4869.000000 
11.110191 4820.000000 
11.136440 4775.000000 
11.162689 4664.000000 
11.188939 4696.000000 
11.215188 4657.000000 
11.241437 4643.000000 
11.267686 4725.000000 
11.293935 4777.000000 
11.320184 4812.000000 
11.346433 4791.000000 
11.372682 4828.000000 
11.398931 4614.000000 
11.425180 4800.000000 
11.451429 4641.000000 
11.477678 4681.000000 
11.503927 4846.000000 
11.530177 4790.000000 
11.556426 4855.000000 
11.582675 4833.000000 
11.608924 4792.000000 
11.635173 4786.000000 
11.661422 4751.000000 
11.687671 4751.000000 
11.713920 4834.000000 
11.740169 4803.000000 
11.766418 4853.000000 
11.792667 4735.000000 
11.818916 4666.000000 
11.845165 4832.000000 
11.871414 4946.000000 
11.897664 4778.000000 
11.923913 4792.000000 
11.950162 4932.000000 
11.976411 4825.000000 
12.002660 4758.000000 
12.028909 4842.000000 
12.055158 4638.000000 
12.081407 4807.000000 
12.107656 4754.000000 
12.133905 4785.000000 
12.160154 4831.000000 
12.186403 4793.000000 
12.212652 4742.000000 
12.238901 4754.000000 
12.265151 4866.000000 
12.291400 4856.000000 
12.317649 4900.000000 
12.343898 4879.000000 
12.370147 4841.000000 
12.396396 4769.000000 
12.422645 4883.000000 
12.448894 4807.000000 
12.475143 5007.000000 
12.501392 4893.000000 
12.527641 4783.000000 
12.553890 4965.000000 
12.580139 4916.000000 
12.606388 4855.000000 
12.632638 4919.000000 
12.658887 4685.000000 
12.685136 4986.000000 
12.711385 4838.000000 
12.737634 4786.000000 
12.763883 4824.000000 
12.790132 5117.000000 
12.816381 4987.000000 
12.842630 4886.000000 
12.868879 4873.000000 
12.895128 5017.000000 
12.921377 4859.000000 
12.947626 4871.000000 
12.973876 4891.000000 
13.000125 4996.000000 
13.026374 4880.000000 
13.052623 4863.000000 
13.078872 4935.000000 
13.105121 4886.000000 
13.131370 5012.000000 
13.157619 4932.000000 
13.183868 4803.000000 
13.210117 5015.000000 
13.236366 4893.000000 
13.262615 4926.000000 
13.288864 4981.000000 
13.315113 4891.000000 
13.341363 4940.000000 
13.367612 4933.000000 
13.393861 4982.000000 
13.420110 5051.000000 
13.446359 4817.000000 
13.472608 4796.000000 
13.498857 4992.000000 
13.525106 4931.000000 
13.551355 4983.000000 
13.577604 5005.000000 
13.603853 4991.000000 
13.630102 4901.000000 
13.656351 4985.000000 
13.682600 5045.000000 
13.708850 5102.000000 
13.735099 5052.000000 
13.761348 5000.000000 
13.787597 5078.000000 
13.813846 5004.000000 
13.840095 5081.000000 
13.866344 4875.000000 
13.892593 5119.000000 
13.918842 5218.000000 
13.945091 5033.000000 
13.971340 5130.000000 
13.997589 4940.000000 
14.023838 5035.000000 
14.050087 5026.000000 
14.076337 4827.000000 
14.102586 4956.000000 
14.128835 4964.000000 
14.155084 4943.000000 
14.181333 4928.000000 
14.207582 4862.000000 
14.233831 5061.000000 
14.260080 5065.000000 
14.286329 4971.000000 
14.312578 5017.000000 
14.338827 5038.000000 
14.365076 5017.000000 
14.391325 5073.000000 
14.417575 5033.000000 
14.443824 4911.000000 
14.470073 5183.000000 
14.496322 5121.000000 
14.522571 5016.000000 
14.548820 5076.000000 
14.575069 5075.000000 
14.601318 5002.000000 
14.627567 5079.000000 
14.653816 4953.000000 
14.680065 5001.000000 
14.706314 5105.000000 
14.732563 5046.000000 
14.758812 5089.000000 
14.785062 5059.000000 
14.811311 4995.000000 
14.837560 5128.000000 
14.863809 5120.000000 
14.890058 5050.000000 
14.916307 5012.000000 
14.942556 4967.000000 
14.968805 4944.000000 
14.995054 5187.000000 
15.021303 5051.000000 
15.047552 5101.000000 
15.073801 5093.000000 
15.100050 4958.000000 
15.126299 5131.000000 
15.152549 5096.000000 
15.178798 5058.000000 
15.205047 5035.000000 
15.231296 5042.000000 
15.257545 4958.000000 
15.283794 5135.000000 
15.310043 4984.000000 
15.336292 5213.000000 
15.362541 5196.000000 
15.388790 5182.000000 
15.415039 5067.000000 
15.441288 5024.000000 
15.467537 5108.000000 
15.493786 5083.000000 
15.520036 5146.000000 
15.546285 5166.000000 
15.572534 5230.000000 
15.598783 5069.000000 
15.625032 5190.000000 
15.651281 4999.000000 
15.677530 5184.000000 
15.703779 5070.000000 
15.730028 5059.000000 
15.756277 5146.000000 
15.782526 5149.000000 
15.808775 5190.000000 
15.835024 5032.000000 
15.861274 5205.000000 
15.887523 5007.000000 
15.913772 5100.000000 
15.940021 5175.000000 
15.966270 5305.000000 
15.992519 5042.000000 
16.018768 5179.000000 
16.045017 5138.000000 
16.071266 5161.000000 
16.097515 5118.000000 
16.123764 5209.000000 
16.150013 5062.000000 
16.176262 5281.000000 
16.202511 5044.000000 
16.228761 5178.000000 
16.255010 5072.000000 
16.281259 5189.000000 
16.307508 5205.000000 
16.333757 5245.000000 
16.360006 5196.000000 
16.386255 5134.000000 
16.412504 5166.000000 
16.438753 5254.000000 
16.465002 5115.000000 
16.491251 5204.000000 
16.517500 5162.000000 
16.543749 5132.000000 
16.569998 5171.000000 
16.596248 5383.000000 
16.622497 5176.000000 
16.648746 5032.000000 
16.674995 5011.000000 
16.701244 5041.000000 
16.727493 5221.000000 
16.753742 5162.000000 
16.779991 5227.000000 
16.806240 5282.000000 
16.832489 5177.000000 
16.858738 5271.000000 
16.884987 5202.000000 
16.911236 5327.000000 
16.937485 5325.000000 
16.963735 5315.000000 
16.989984 5260.000000 
17.016233 5138.000000 
17.042482 5158.000000 
17.068731 5304.000000 
17.094980 5319.000000 
17.121229 5220.000000 
17.147478 5209.000000 
17.173727 5111.000000 
17.199976 5285.000000 
17.226225 5219.000000 
17.252474 5363.000000 
17.278723 5156.000000 
17.304973 5205.000000 
17.331222 5264.000000 
17.357471 5153.000000 
17.383720 5183.000000 
17.409969 5223.000000 
17.436218 5340.000000 
17.462467 5216.000000 
17.488716 5131.000000 
17.514965 5198.000000 
17.541214 5108.000000 
17.567463 5270.000000 
17.593712 5274.000000 
17.619961 5284.000000 
17.646210 5347.000000 
17.672460 5153.000000 
17.698709 5174.000000 
17.724958 5248.000000 
17.751207 5120.000000 
17.777456 5229.000000 
17.803705 5204.000000 
17.829954 5194.000000 
17.856203 5285.000000 
17.882452 5180.000000 
17.908701 5223.000000 
17.934950 5151.000000 
17.961199 5214.000000 
17.987448 5183.000000 
18.013697 5243.000000 
18.039947 5239.000000 
18.066196 5273.000000 
18.092445 5296.000000 
18.118694 5257.000000 
18.144943 5257.000000 
18.171192 5291.000000 
18.197441 5295.000000 
18.223690 5274.000000 
18.249939 5408.000000 
18.276188 5332.000000 
18.302437 5489.000000 
18.328686 5459.000000 
18.354935 5463.000000 
18.381184 5669.000000 
18.407434 5860.000000 
18.433683 6267.000000 
18.459932 6050.000000 
18.486181 5772.000000 
18.512430 5689.000000 
18.538679 5300.000000 
18.564928 5291.000000 
18.591177 5129.000000 
18.617426 5317.000000 
18.643675 5379.000000 
18.669924 5256.000000 
18.696173 5199.000000 
18.722422 5114.000000 
18.748672 5341.000000 
18.774921 5282.000000 
18.801170 5211.000000 
18.827419 5284.000000 
18.853668 5279.000000 
18.879917 5155.000000 
18.906166 5130.000000 
18.932415 5200.000000 
18.958664 5149.000000 
18.984913 5395.000000 
19.011162 5194.000000 
19.037411 5178.000000 
19.063660 5174.000000 
19.089909 5387.000000 
19.116159 5249.000000 
19.142408 5263.000000 
19.168657 5215.000000 
19.194906 5329.000000 
19.221155 5338.000000 
19.247404 5439.000000 
19.273653 5416.000000 
19.299902 5372.000000 
19.326151 5348.000000 
19.352400 5316.000000 
19.378649 5338.000000 
19.404898 5402.000000 
19.431147 5314.000000 
19.457396 5371.000000 
19.483646 5265.000000 
19.509895 5153.000000 
19.536144 5114.000000 
19.562393 5338.000000 
19.588642 5409.000000 
19.614891 5398.000000 
19.641140 5222.000000 
19.667389 5300.000000 
19.693638 5330.000000 
19.719887 5252.000000 
19.746136 5252.000000 
19.772385 5216.000000 
19.798634 5180.000000 
19.824883 5401.000000 
19.851133 5189.000000 
19.877382 5288.000000 
19.903631 5163.000000 
19.929880 5415.000000 
19.956129 5265.000000 
19.982378 5225.000000 
20.008627 5432.000000 
20.034876 5352.000000 
20.061125 5321.000000 
20.087374 5389.000000 
20.113623 5332.000000 
20.139872 5189.000000 
20.166121 5119.000000 
20.192371 5289.000000 
20.218620 5237.000000 
20.244869 5257.000000 
20.271118 5339.000000 
20.297367 5350.000000 
20.323616 5314.000000 
20.349865 5233.000000 
20.376114 5219.000000 
20.402363 5154.000000 
20.428612 5304.000000 
20.454861 5164.000000 
20.481110 5166.000000 
20.507359 5279.000000 
20.533608 5319.000000 
20.559858 5247.000000 
20.586107 5312.000000 
20.612356 5311.000000 
20.638605 5258.000000 
20.664854 5228.000000 
20.691103 5311.000000 
20.717352 5331.000000 
20.743601 5169.000000 
20.769850 5326.000000 
20.796099 5414.000000 
20.822348 5227.000000 
20.848597 5236.000000 
20.874846 5313.000000 
20.901095 5312.000000 
20.927345 5386.000000 
20.953594 5458.000000 
20.979843 5395.000000 
21.006092 5367.000000 
21.032341 5268.000000 
21.058590 5343.000000 
21.084839 5350.000000 
21.111088 5203.000000 
21.137337 5350.000000 
21.163586 5248.000000 
21.189835 5297.000000 
21.216084 5325.000000 
21.242333 5308.000000 
21.268582 5179.000000 
21.294832 5331.000000 
21.321081 5205.000000 
21.347330 5247.000000 
21.373579 5228.000000 
21.399828 5407.000000 
21.426077 5317.000000 
21.452326 5271.000000 
21.478575 5425.000000 
21.504824 5364.000000 
21.531073 5371.000000 
21.557322 5460.000000 
21.583571 5217.000000 
21.609820 5273.000000 
21.636070 5277.000000 
21.662319 5230.000000 
21.688568 5329.000000 
21.714817 5344.000000 
21.741066 5276.000000 
21.767315 5284.000000 
21.793564 5286.000000 
21.819813 5314.000000 
21.846062 5247.000000 
21.872311 5251.000000 
21.898560 5321.000000 
21.924809 5309.000000 
21.951058 5416.000000 
21.977307 5264.000000 
22.003557 5259.000000 
22.029806 5314.000000 
22.056055 5330.000000 
22.082304 5278.000000 
22.108553 5265.000000 
22.134802 5282.000000 
22.161051 5284.000000 
22.187300 5406.000000 
22.213549 5333.000000 
22.239798 5249.000000 
22.266047 5241.000000 
22.292296 5144.000000 
22.318545 5228.000000 
22.344794 5162.000000 
22.371044 5286.000000 
22.397293 5314.000000 
22.423542 5250.000000 
22.449791 5274.000000 
22.476040 5162.000000 
22.502289 5221.000000 
22.528538 5185.000000 
22.554787 5335.000000 
22.581036 5297.000000 
22.607285 5284.000000 
22.633534 5360.000000 
22.659783 5288.000000 
22.686032 5232.000000 
22.712281 5080.000000 
22.738531 5264.000000 
22.764780 5263.000000 
22.791029 5230.000000 
22.817278 5179.000000 
22.843527 5315.000000 
22.869776 5166.000000 
22.896025 5395.000000 
22.922274 5243.000000 
22.948523 5240.000000 
22.974772 5273.000000 
23.001021 5274.000000 
23.027270 5371.000000 
23.053519 5307.000000 
23.079769 5292.000000 
23.106018 5214.000000 
23.132267 5247.000000 
23.158516 5224.000000 
23.184765 5154.000000 
23.211014 5318.000000 
23.237263 5203.000000 
23.263512 5263.000000 
23.289761 5374.000000 
23.316010 5269.000000 
23.342259 5267.000000 
23.368508 5290.000000 
23.394757 5289.000000 
23.421006 5250.000000 
23.447256 5308.000000 
23.473505 5144.000000 
23.499754 5378.000000 
23.526003 5244.000000 
23.552252 5385.000000 
23.578501 5315.000000 
23.604750 5139.000000 
23.630999 5267.000000 
23.657248 5245.000000 
23.683497 5295.000000 
23.709746 5429.000000 
23.735995 5321.000000 
23.762244 5265.000000 
23.788493 5251.000000 
23.814743 5231.000000 
23.840992 5377.000000 
23.867241 5263.000000 
23.893490 5224.000000 
23.919739 5221.000000 
23.945988 5180.000000 
23.972237 5216.000000 
23.998486 5181.000000 
24.024735 5208.000000 
24.050984 5366.000000 
24.077233 5165.000000 
24.103482 5301.000000 
24.129731 5300.000000 
24.155981 5352.000000 
24.182230 5266.000000 
24.208479 5328.000000 
24.234728 5342.000000 
24.260977 5406.000000 
24.287226 5264.000000 
24.313475 5275.000000 
24.339724 5324.000000 
24.365973 5264.000000 
24.392222 5224.000000 
24.418471 5231.000000 
24.444720 5236.000000 
24.470969 5151.000000 
24.497218 5215.000000 
24.523468 5249.000000 
24.549717 5407.000000 
24.575966 5257.000000 
24.602215 5275.000000 
24.628464 5193.000000 
24.654713 5183.000000 
24.680962 5177.000000 
24.707211 5291.000000 
24.733460 5084.000000 
24.759709 5301.000000 
24.785958 5298.000000 
24.812207 5116.000000 
24.838456 5269.000000 
24.864705 5255.000000 
24.890955 5339.000000 
24.917204 5205.000000 
24.943453 5289.000000 
24.969702 5348.000000 
24.995951 5274.000000 
25.022200 5341.000000 
25.048449 5234.000000 
25.074698 5236.000000 
25.100947 5307.000000 
25.127196 5239.000000 
25.153445 5351.000000 
25.179694 5208.000000 
25.205943 5273.000000 
25.232192 5330.000000 
25.258442 5156.000000 
25.284691 5278.000000 
25.310940 5203.000000 
25.337189 5195.000000 
25.363438 5199.000000 
25.389687 5262.000000 
25.415936 5275.000000 
25.442185 5301.000000 
25.468434 5191.000000 
25.494683 5271.000000 
25.520932 5173.000000 
25.547181 5375.000000 
25.573430 5185.000000 
25.599680 5172.000000 
25.625929 5080.000000 
25.652178 5229.000000 
25.678427 5284.000000 
25.704676 5081.000000 
25.730925 5343.000000 
25.757174 5200.000000 
25.783423 5177.000000 
25.809672 5231.000000 
25.835921 5098.000000 
25.862170 5220.000000 
25.888419 5251.000000 
25.914668 5199.000000 
25.940917 5188.000000 
25.967167 5234.000000 
25.993416 5154.000000 
26.019665 5242.000000 
26.045914 5222.000000 
26.072163 5251.000000 
26.098412 5378.000000 
26.124661 5228.000000 
26.150910 5297.000000 
26.177159 5153.000000 
26.203408 5139.000000 
26.229657 5333.000000 
26.255906 5295.000000 
26.282155 5301.000000 
26.308404 5232.000000 
26.334654 5257.000000 
26.360903 5285.000000 
26.387152 5115.000000 
26.413401 5312.000000 
26.439650 5133.000000 
26.465899 5251.000000 
26.492148 5223.000000 
26.518397 5245.000000 
26.544646 5331.000000 
26.570895 5419.000000 
26.597144 5247.000000 
26.623393 5335.000000 
26.649642 5432.000000 
26.675891 5411.000000 
26.702141 5597.000000 
26.728390 5563.000000 
26.754639 5991.000000 
26.780888 6050.000000 
26.807137 6042.000000 
26.833386 5610.000000 
26.859635 5522.000000 
26.885884 5230.000000 
26.912133 5253.000000 
26.938382 5317.000000 
26.964631 5165.000000 
26.990880 5293.000000 
27.017129 5303.000000 
27.043379 5241.000000 
27.069628 5358.000000 
27.095877 5285.000000 
27.122126 5298.000000 
27.148375 5256.000000 
27.174624 5436.000000 
27.200873 5430.000000 
27.227122 5433.000000 
27.253371 5550.000000 
27.279620 5458.000000 
27.305869 5281.000000 
27.332118 5284.000000 
27.358367 5214.000000 
27.384616 5237.000000 
27.410866 5245.000000 
27.437115 5297.000000 
27.463364 5125.000000 
27.489613 5215.000000 
27.515862 5229.000000 
27.542111 5137.000000 
27.568360 5231.000000 
27.594609 5276.000000 
27.620858 5402.000000 
27.647107 5320.000000 
27.673356 5207.000000 
27.699605 5278.000000 
27.725854 5265.000000 
27.752103 5376.000000 
27.778353 5185.000000 
27.804602 5255.000000 
27.830851 5098.000000 
27.857100 5237.000000 
27.883349 5214.000000 
27.909598 5097.000000 
27.935847 5208.000000 
27.962096 5205.000000 
27.988345 5071.000000 
28.014594 5367.000000 
28.040843 5267.000000 
28.067092 5158.000000 
28.093341 5299.000000 
28.119590 5281.000000 
28.145840 5233.000000 
28.172089 5174.000000 
28.198338 5286.000000 
28.224587 5322.000000 
28.250836 5203.000000 
28.277085 5175.000000 
28.303334 5116.000000 
28.329583 5226.000000 
28.355832 5163.000000 
28.382081 5331.000000 
28.408330 5225.000000 
28.434579 5196.000000 
28.460828 5201.000000 
28.487078 5279.000000 
28.513327 5282.000000 
28.539576 5360.000000 
28.565825 5207.000000 
28.592074 5290.000000 
28.618323 5330.000000 
28.644572 5375.000000 
28.670821 5215.000000 
28.697070 5438.000000 
28.723319 5225.000000 
28.749568 5190.000000 
28.775817 5222.000000 
28.802066 5330.000000 
28.828315 5254.000000 
28.854565 5106.000000 
28.880814 5140.000000 
28.907063 5096.000000 
28.933312 5235.000000 
28.959561 5269.000000 
28.985810 5289.000000 
29.012059 5171.000000 
29.038308 5225.000000 
29.064557 5288.000000 
29.090806 5243.000000 
29.117055 5155.000000 
29.143304 5127.000000 
29.169553 5339.000000 
29.195802 5149.000000 
29.222052 5135.000000 
29.248301 5257.000000 
29.274550 5152.000000 
29.300799 5318.000000 
29.327048 5311.000000 
29.353297 5338.000000 
29.379546 5097.000000 
29.405795 5212.000000 
29.432044 5220.000000 
29.458293 5251.000000 
29.484542 5274.000000 
29.510791 5243.000000 
29.537040 5182.000000 
29.563289 5057.000000 
29.589539 5261.000000 
29.615788 5252.000000 
29.642037 5181.000000 
29.668286 5227.000000 
29.694535 5205.000000 
29.720784 5251.000000 
29.747033 5301.000000 
29.773282 5267.000000 
29.799531 5217.000000 
29.825780 5224.000000 
29.852029 5226.000000 
29.878278 5264.000000 
29.904527 5289.000000 
29.930777 5259.000000 
29.957026 5243.000000 
29.983275 5314.000000 
30.009524 5346.000000 
30.035773 5401.000000 
30.062022 5408.000000 
30.088271 5638.000000 
30.114520 5681.000000 
30.140769 6131.000000 
30.167018 6482.000000 
30.193267 7048.000000 
30.219516 7725.000000 
30.245765 7691.000000 
30.272014 7110.000000 
30.298264 6961.000000 
30.324513 6414.000000 
30.350762 6054.000000 
30.377011 5583.000000 
30.403260 5531.000000 
30.429509 5459.000000 
30.455758 5315.000000 
30.482007 5575.000000 
30.508256 5652.000000 
30.534505 5511.000000 
30.560754 5442.000000 
30.587003 5284.000000 
30.613252 5284.000000 
30.639501 5216.000000 
30.665751 5200.000000 
30.692000 5182.000000 
30.718249 5248.000000 
30.744498 5165.000000 
30.770747 5178.000000 
30.796996 5226.000000 
30.823245 5196.000000 
30.849494 5142.000000 
30.875743 5217.000000 
30.901992 5133.000000 
30.928241 5030.000000 
30.954490 5078.000000 
30.980739 5040.000000 
31.006988 5130.000000 
31.033238 5284.000000 
31.059487 5211.000000 
31.085736 5152.000000 
31.111985 5047.000000 
31.138234 5118.000000 
31.164483 5217.000000 
31.190732 5201.000000 
31.216981 5166.000000 
31.243230 5302.000000 
31.269479 5207.000000 
31.295728 5209.000000 
31.321977 5064.000000 
31.348226 5107.000000 
31.374476 5062.000000 
31.400725 5302.000000 
31.426974 5196.000000 
31.453223 5265.000000 
31.479472 4925.000000 
31.505721 5193.000000 
31.531970 5140.000000 
31.558219 5265.000000 
31.584468 5114.000000 
31.610717 5171.000000 
31.636966 5238.000000 
31.663215 5229.000000 
31.689464 5261.000000 
31.715713 5176.000000 
31.741963 5119.000000 
31.768212 5091.000000 
31.794461 5375.000000 
31.820710 5203.000000 
31.846959 5299.000000 
31.873208 5157.000000 
31.899457 5080.000000 
31.925706 5173.000000 
31.951955 5251.000000 
31.978204 5228.000000 
32.004453 5091.000000 
32.030702 5193.000000 
32.056951 5224.000000 
32.083200 5406.000000 
32.109450 5215.000000 
32.135699 5133.000000 
32.161948 5033.000000 
32.188197 5155.000000 
32.214446 5138.000000 
32.240695 5181.000000 
32.266944 5143.000000 
32.293193 5293.000000 
32.319442 5286.000000 
32.345691 5200.000000 
32.371940 5192.000000 
32.398189 5053.000000 
32.424438 5178.000000 
32.450687 5256.000000 
32.476937 5168.000000 
32.503186 5240.000000 
32.529435 5197.000000 
32.555684 5162.000000 
32.581933 5144.000000 
32.608182 5236.000000 
32.634431 5095.000000 
32.660680 5309.000000 
32.686929 5111.000000 
32.713178 5116.000000 
32.739427 5176.000000 
32.765676 5245.000000 
32.791925 5301.000000 
32.818175 5135.000000 
32.844424 5239.000000 
32.870673 5112.000000 
32.896922 5183.000000 
32.923171 5213.000000 
32.949420 5127.000000 
32.975669 5164.000000 
33.001918 5151.000000 
33.028167 5117.000000 
33.054416 5183.000000 
33.080665 5299.000000 
33.106914 5124.000000 
33.133163 5244.000000 
33.159412 5314.000000 
33.185662 5218.000000 
33.211911 5272.000000 
33.238160 5267.000000 
33.264409 5234.000000 
33.290658 5449.000000 
33.316907 5492.000000 
33.343156 5396.000000 
33.369405 5290.000000 
33.395654 5248.000000 
33.421903 5148.000000 
33.448152 5245.000000 
33.474401 5400.000000 
33.500650 5146.000000 
33.526899 5222.000000 
33.553149 5277.000000 
33.579398 5157.000000 
33.605647 5131.000000 
33.631896 5193.000000 
33.658145 5124.000000 
33.684394 5161.000000 
33.710643 5121.000000 
33.736892 5079.000000 
33.763141 5143.000000 
33.789390 5088.000000 
33.815639 5065.000000 
33.841888 5177.000000 
33.868137 5214.000000 
33.894386 5180.000000 
33.920636 5045.000000 
33.946885 5222.000000 
33.973134 5063.000000 
33.999383 5230.000000 
34.025632 5047.000000 
34.051881 4905.000000 
34.078130 5002.000000 
34.104379 4963.000000 
34.130628 5117.000000 
34.156877 5139.000000 
34.183126 5310.000000 
34.209375 5093.000000 
34.235624 5124.000000 
34.261874 5123.000000 
34.288123 5212.000000 
34.314372 5311.000000 
34.340621 5199.000000 
34.366870 5215.000000 
34.393119 5191.000000 
34.419368 5094.000000 
34.445617 5142.000000 
34.471866 5270.000000 
34.498115 5024.000000 
34.524364 5301.000000 
34.550613 5053.000000 
34.576862 5174.000000 
34.603111 5071.000000 
34.629361 5275.000000 
34.655610 5146.000000 
34.681859 5204.000000 
34.708108 5120.000000 
34.734357 5098.000000 
34.760606 5173.000000 
34.786855 5158.000000 
34.813104 5171.000000 
34.839353 5090.000000 
34.865602 5256.000000 
34.891851 5220.000000 
34.918100 5047.000000 
34.944349 5303.000000 
34.970598 5248.000000 
34.996848 5153.000000 
35.023097 5333.000000 
35.049346 5278.000000 
35.075595 5222.000000 
35.101844 5347.000000 
35.128093 5409.000000 
35.154342 5264.000000 
35.180591 5275.000000 
35.206840 5320.000000 
35.233089 5284.000000 
35.259338 5417.000000 
35.285587 5398.000000 
35.311836 5389.000000 
35.338085 5540.000000 
35.364335 5800.000000 
35.390584 5835.000000 
35.416833 6181.000000 
35.443082 6728.000000 
35.469331 7230.000000 
35.495580 8252.000000 
35.521829 10021.000000 
35.548078 12672.000000 
35.574327 14454.000000 
35.600576 13562.000000 
35.626825 12029.000000 
35.653074 11495.000000 
35.679323 10487.000000 
35.705573 9125.000000 
35.731822 7484.000000 
35.758071 6815.000000 
35.784320 6448.000000 
35.810569 6099.000000 
35.836818 5902.000000 
35.863067 5718.000000 
35.889316 5655.000000 
35.915565 5506.000000 
35.941814 5399.000000 
35.968063 5364.000000 
35.994312 5408.000000 
36.020561 5377.000000 
36.046810 5247.000000 
36.073060 5237.000000 
36.099309 5306.000000 
36.125558 5206.000000 
36.151807 5265.000000 
36.178056 5241.000000 
36.204305 5314.000000 
36.230554 5192.000000 
36.256803 5202.000000 
36.283052 5250.000000 
36.309301 5293.000000 
36.335550 5060.000000 
36.361799 5204.000000 
36.388048 5241.000000 
36.414297 5155.000000 
36.440547 5237.000000 
36.466796 5158.000000 
36.493045 5135.000000 
36.519294 5174.000000 
36.545543 5200.000000 
36.571792 5043.000000 
36.598041 5201.000000 
36.624290 5253.000000 
36.650539 5278.000000 
36.676788 5232.000000 
36.703037 5143.000000 
36.729286 5224.000000 
36.755535 5277.000000 
36.781785 5202.000000 
36.808034 5152.000000 
36.834283 5185.000000 
36.860532 5188.000000 
36.886781 5289.000000 
36.913030 5260.000000 
36.939279 5202.000000 
36.965528 5188.000000 
36.991777 5192.000000 
37.018026 5242.000000 
37.044275 5364.000000 
37.070524 5347.000000 
37.096773 5365.000000 
37.123022 5363.000000 
37.149272 5589.000000 
37.175521 5957.000000 
37.201770 5967.000000 
37.228019 5858.000000 
37.254268 5707.000000 
37.280517 5550.000000 
37.306766 5732.000000 
37.333015 5604.000000 
37.359264 5301.000000 
37.385513 5329.000000 
37.411762 5265.000000 
37.438011 5359.000000 
37.464260 5131.000000 
37.490509 5268.000000 
37.516759 5192.000000 
37.543008 5210.000000 
37.569257 5332.000000 
37.595506 5138.000000 
37.621755 5280.000000 
37.648004 5299.000000 
37.674253 5397.000000 
37.700502 5193.000000 
37.726751 5170.000000 
37.753000 5231.000000 
37.779249 5104.000000 
37.805498 5205.000000 
37.831747 5257.000000 
37.857996 5189.000000 
37.884246 5248.000000 
37.910495 5128.000000 
37.936744 5103.000000 
37.962993 5159.000000 
37.989242 5221.000000 
38.015491 5147.000000 
38.041740 5158.000000 
38.067989 5153.000000 
38.094238 5025.000000 
38.120487 5313.000000 
38.146736 5238.000000 
38.172985 5231.000000 
38.199234 5237.000000 
38.225484 5180.000000 
38.251733 5213.000000 
38.277982 5140.000000 
38.304231 5146.000000 
38.330480 5242.000000 
38.356729 5243.000000 
38.382978 5234.000000 
38.409227 5070.000000 
38.435476 5025.000000 
38.461725 5148.000000 
38.487974 5198.000000 
38.514223 5214.000000 
38.540472 5208.000000 
38.566721 5103.000000 
38.592971 5116.000000 
38.619220 5045.000000 
38.645469 5199.000000 
38.671718 5214.000000 
38.697967 5268.000000 
38.724216 5305.000000 
38.750465 5321.000000 
38.776714 5245.000000 
38.802963 5346.000000 
38.829212 5377.000000 
38.855461 5518.000000 
38.881710 5248.000000 
38.907959 5287.000000 
38.934208 5368.000000 
38.960458 5371.000000 
38.986707 5296.000000 
39.012956 5299.000000 
39.039205 5261.000000 
39.065454 5184.000000 
39.091703 5347.000000 
39.117952 5351.000000 
39.144201 5216.000000 
39.170450 5096.000000 
39.196699 5258.000000 
39.222948 5343.000000 
39.249197 5114.000000 
39.275446 5134.000000 
39.301695 5078.000000 
39.327945 5091.000000 
39.354194 5205.000000 
39.380443 5191.000000 
39.406692 5270.000000 
39.432941 4961.000000 
39.459190 5110.000000 
39.485439 5162.000000 
39.511688 5102.000000 
39.537937 5185.000000 
39.564186 5163.000000 
39.590435 5120.000000 
39.616684 5118.000000 
39.642933 5220.000000 
39.669183 5165.000000 
39.695432 5110.000000 
39.721681 5112.000000 
39.747930 5162.000000 
39.774179 5213.000000 
39.800428 5180.000000 
39.826677 5200.000000 
39.852926 5106.000000 
39.879175 5159.000000 
39.905424 5162.000000 
39.931673 5080.000000 
39.957922 5186.000000 
39.984171 5108.000000 
40.010420 5082.000000 
40.036670 5059.000000 
40.062919 5205.000000 
40.089168 5199.000000 
40.115417 5163.000000 
40.141666 5221.000000 
40.167915 5125.000000 
40.194164 5160.000000 
40.220413 5042.000000 
40.246662 5224.000000 
40.272911 5078.000000 
40.299160 5065.000000 
40.325409 5104.000000 
40.351658 5117.000000 
40.377907 5088.000000 
40.404157 5095.000000 
40.430406 5032.000000 
40.456655 5094.000000 
40.482904 5068.000000 
40.509153 5195.000000 
40.535402 5126.000000 
40.561651 5073.000000 
40.587900 5223.000000 
40.614149 5182.000000 
40.640398 5120.000000 
40.666647 5184.000000 
40.692896 5148.000000 
40.719145 5166.000000 
40.745394 5143.000000 
40.771644 5017.000000 
40.797893 5356.000000 
40.824142 5215.000000 
40.850391 4937.000000 
40.876640 5198.000000 
40.902889 5095.000000 
40.929138 5139.000000 
40.955387 5296.000000 
40.981636 5201.000000 
41.007885 5183.000000 
41.034134 5139.000000 
41.060383 4928.000000 
41.086632 5150.000000 
41.112882 5134.000000 
41.139131 5113.000000 
41.165380 5203.000000 
41.191629 5247.000000 
41.217878 5123.000000 
41.244127 5183.000000 
41.270376 5204.000000 
41.296625 5173.000000 
41.322874 5163.000000 
41.349123 5212.000000 
41.375372 5169.000000 
41.401621 5238.000000 
41.427870 5133.000000 
41.454119 5120.000000 
41.480369 5142.000000 
41.506618 5091.000000 
41.532867 5145.000000 
41.559116 5236.000000 
41.585365 5294.000000 
41.611614 5096.000000 
41.637863 5152.000000 
41.664112 5063.000000 
41.690361 5123.000000 
41.716610 5011.000000 
41.742859 5255.000000 
41.769108 5117.000000 
41.795357 5045.000000 
41.821606 5106.000000 
41.847856 5091.000000 
41.874105 5082.000000 
41.900354 5187.000000 
41.926603 5071.000000 
41.952852 5003.000000 
41.979101 5085.000000 
42.005350 5067.000000 
42.031599 5087.000000 
42.057848 5070.000000 
42.084097 5145.000000 
42.110346 5131.000000 
42.136595 5238.000000 
42.162844 5233.000000 
42.189093 5076.000000 
42.215343 5047.000000 
42.241592 5109.000000 
42.267841 5095.000000 
42.294090 5146.000000 
42.320339 5112.000000 
42.346588 5067.000000 
42.372837 5111.000000 
42.399086 5186.000000 
42.425335 5150.000000 
42.451584 5078.000000 
42.477833 5123.000000 
42.504082 5212.000000 
42.530331 5181.000000 
42.556581 5115.000000 
42.582830 5144.000000 
42.609079 5131.000000 
42.635328 5169.000000 
42.661577 5053.000000 
42.687826 5068.000000 
42.714075 5147.000000 
42.740324 5130.000000 
42.766573 4914.000000 
42.792822 5155.000000 
42.819071 5113.000000 
42.845320 5217.000000 
42.871569 5215.000000 
42.897818 5180.000000 
42.924068 5081.000000 
42.950317 5073.000000 
42.976566 5141.000000 
43.002815 5277.000000 
43.029064 5219.000000 
43.055313 5266.000000 
43.081562 5594.000000 
43.107811 5759.000000 
43.134060 6045.000000 
43.160309 6421.000000 
43.186558 6825.000000 
43.212807 6716.000000 
43.239056 6469.000000 
43.265305 6176.000000 
43.291555 6286.000000 
43.317804 6015.000000 
43.344053 5817.000000 
43.370302 5611.000000 
43.396551 5424.000000 
43.422800 5497.000000 
43.449049 5320.000000 
43.475298 5216.000000 
43.501547 5175.000000 
43.527796 5121.000000 
43.554045 5249.000000 
43.580294 5182.000000 
43.606543 5173.000000 
43.632792 5055.000000 
43.659042 5130.000000 
43.685291 5170.000000 
43.711540 5027.000000 
43.737789 5186.000000 
43.764038 5170.000000 
43.790287 5115.000000 
43.816536 5142.000000 
43.842785 5193.000000 
43.869034 5180.000000 
43.895283 5234.000000 
43.921532 5100.000000 
43.947781 5153.000000 
43.974030 5153.000000 
44.000280 5075.000000 
44.026529 5118.000000 
44.052778 5224.000000 
44.079027 5092.000000 
44.105276 5093.000000 
44.131525 5169.000000 
44.157774 5071.000000 
44.184023 5190.000000 
44.210272 5135.000000 
44.236521 5112.000000 
44.262770 5011.000000 
44.289019 4933.000000 
44.315268 5189.000000 
44.341517 5014.000000 
44.367767 5098.000000 
44.394016 5133.000000 
44.420265 4997.000000 
44.446514 5121.000000 
44.472763 5023.000000 
44.499012 5163.000000 
44.525261 5021.000000 
44.551510 5216.000000 
44.577759 5099.000000 
44.604008 4934.000000 
44.630257 4986.000000 
44.656506 5194.000000 
44.682755 5034.000000 
44.709004 5188.000000 
44.735254 5148.000000 
44.761503 5144.000000 
44.787752 5051.000000 
44.814001 5038.000000 
44.840250 5193.000000 
44.866499 5132.000000 
44.892748 5146.000000 
44.918997 5107.000000 
44.945246 5075.000000 
44.971495 5190.000000 
44.997744 5166.000000 
45.023993 5057.000000 
45.050242 4992.000000 
45.076491 5077.000000 
45.102741 5086.000000 
45.128990 5195.000000 
45.155239 5012.000000 
45.181488 5034.000000 
45.207737 5048.000000 
45.233986 5089.000000 
45.260235 5057.000000 
45.286484 5120.000000 
45.312733 5028.000000 
45.338982 5136.000000 
45.365231 5033.000000 
45.391480 5194.000000 
45.417729 5150.000000 
45.443979 4881.000000 
45.470228 5116.000000 
45.496477 5155.000000 
45.522726 5172.000000 
45.548975 5144.000000 
45.575224 5121.000000 
45.601473 5000.000000 
45.627722 5186.000000 
45.653971 5083.000000 
45.680220 5038.000000 
45.706469 5021.000000 
45.732718 5103.000000 
45.758967 5111.000000 
45.785216 5143.000000 
45.811466 5144.000000 
45.837715 5152.000000 
45.863964 5201.000000 
45.890213 5003.000000 
45.916462 5127.000000 
45.942711 5065.000000 
45.968960 5128.000000 
45.995209 5122.000000 
46.021458 4953.000000 
46.047707 5184.000000 
46.073956 5227.000000 
46.100205 5102.000000 
46.126454 5084.000000 
46.152703 5107.000000 
46.178953 5084.000000 
46.205202 5004.000000 
46.231451 5105.000000 
46.257700 5124.000000 
46.283949 5095.000000 
46.310198 5124.000000 
46.336447 4986.000000 
46.362696 5293.000000 
46.388945 5171.000000 
46.415194 5165.000000 
46.441443 5025.000000 
46.467692 5096.000000 
46.493941 5022.000000 
46.520190 5104.000000 
46.546440 5023.000000 
46.572689 4972.000000 
46.598938 5128.000000 
46.625187 4977.000000 
46.651436 5251.000000 
46.677685 4957.000000 
46.703934 5021.000000 
46.730183 5123.000000 
46.756432 5109.000000 
46.782681 4972.000000 
46.808930 5055.000000 
46.835179 5127.000000 
46.861428 5227.000000 
46.887678 5067.000000 
46.913927 5055.000000 
46.940176 5070.000000 
46.966425 5099.000000 
46.992674 5143.000000 
47.018923 5043.000000 
47.045172 5149.000000 
47.071421 5052.000000 
47.097670 5160.000000 
47.123919 5022.000000 
47.150168 5158.000000 
47.176417 4983.000000 
47.202666 5152.000000 
47.228915 5077.000000 
47.255165 5136.000000 
47.281414 5103.000000 
47.307663 5111.000000 
47.333912 5153.000000 
47.360161 5108.000000 
47.386410 5194.000000 
47.412659 5150.000000 
47.438908 5145.000000 
47.465157 5039.000000 
47.491406 5010.000000 
47.517655 5095.000000 
47.543904 4920.000000 
47.570153 5073.000000 
47.596402 5049.000000 
47.622652 4955.000000 
47.648901 5044.000000 
47.675150 5043.000000 
47.701399 5024.000000 
47.727648 5167.000000 
47.753897 5055.000000 
47.780146 5025.000000 
47.806395 5162.000000 
47.832644 4977.000000 
47.858893 5121.000000 
47.885142 5082.000000 
47.911391 5058.000000 
47.937640 4991.000000 
47.963889 5186.000000 
47.990139 5061.000000 
48.016388 5145.000000 
48.042637 4944.000000 
48.068886 5012.000000 
48.095135 5021.000000 
48.121384 5010.000000 
48.147633 5038.000000 
48.173882 5052.000000 
48.200131 5075.000000 
48.226380 5101.000000 
48.252629 5085.000000 
48.278878 5114.000000 
48.305127 4880.000000 
48.331377 4928.000000 
48.357626 5097.000000 
48.383875 5053.000000 
48.410124 5002.000000 
48.436373 5022.000000 
48.462622 5074.000000 
48.488871 5152.000000 
48.515120 5119.000000 
48.541369 5034.000000 
48.567618 5115.000000 
48.593867 4997.000000 
48.620116 5007.000000 
48.646365 5072.000000 
48.672614 4989.000000 
48.698864 5110.000000 
48.725113 5075.000000 
48.751362 5100.000000 
48.777611 5058.000000 
48.803860 5189.000000 
48.830109 5146.000000 
48.856358 5133.000000 
48.882607 5104.000000 
48.908856 5256.000000 
48.935105 5156.000000 
48.961354 5120.000000 
48.987603 5058.000000 
49.013852 4961.000000 
49.040101 5064.000000 
49.066351 5206.000000 
49.092600 5141.000000 
49.118849 5103.000000 
49.145098 5130.000000 
49.171347 5073.000000 
49.197596 5081.000000 
49.223845 5009.000000 
49.250094 5125.000000 
49.276343 5080.000000 
49.302592 5082.000000 
49.328841 5107.000000 
49.355090 5224.000000 
49.381339 5089.000000 
49.407589 5019.000000 
49.433838 5063.000000 
49.460087 5112.000000 
49.486336 5112.000000 
49.512585 5172.000000 
49.538834 5218.000000 
49.565083 5161.000000 
49.591332 5133.000000 
49.617581 5287.000000 
49.643830 5191.000000 
49.670079 5046.000000 
49.696328 5095.000000 
49.722577 5125.000000 
49.748826 5063.000000 
49.775076 5087.000000 
49.801325 5122.000000 
49.827574 5055.000000 
49.853823 4958.000000 
49.880072 5180.000000 
49.906321 5085.000000 
49.932570 5163.000000 
49.958819 5072.000000 
49.985068 4960.000000 
50.011317 5078.000000 
50.037566 5111.000000 
50.063815 5096.000000 
50.090064 5079.000000 
50.116313 5071.000000 
50.142563 5018.000000 
50.168812 5030.000000 
50.195061 5003.000000 
50.221310 5261.000000 
50.247559 5185.000000 
50.273808 5202.000000 
50.300057 5158.000000 
50.326306 5166.000000 
50.352555 5164.000000 
50.378804 5264.000000 
50.405053 5118.000000 
50.431302 5080.000000 
50.457551 5059.000000 
50.483800 5102.000000 
50.510050 5130.000000 
50.536299 5197.000000 
50.562548 5033.000000 
50.588797 5257.000000 
50.615046 5113.000000 
50.641295 5060.000000 
50.667544 4939.000000 
50.693793 5110.000000 
50.720042 5042.000000 
50.746291 5081.000000 
50.772540 5132.000000 
50.798789 5168.000000 
50.825038 5108.000000 
50.851288 5076.000000 
50.877537 5079.000000 
50.903786 5032.000000 
50.930035 5020.000000 
50.956284 4940.000000 
50.982533 5069.000000 
51.008782 5181.000000 
51.035031 5302.000000 
51.061280 5111.000000 
51.087529 4997.000000 
51.113778 4893.000000 
51.140027 5064.000000 
51.166276 4990.000000 
51.192525 5110.000000 
51.218775 5087.000000 
51.245024 5192.000000 
51.271273 5076.000000 
51.297522 5004.000000 
51.323771 5178.000000 
51.350020 5044.000000 
51.376269 5146.000000 
51.402518 5021.000000 
51.428767 5157.000000 
51.455016 5068.000000 
51.481265 5035.000000 
51.507514 5112.000000 
51.533763 5012.000000 
51.560012 4925.000000 
51.586262 5233.000000 
51.612511 5085.000000 
51.638760 5107.000000 
51.665009 5090.000000 
51.691258 5099.000000 
51.717507 5120.000000 
51.743756 5050.000000 
51.770005 5114.000000 
51.796254 5058.000000 
51.822503 5040.000000 
51.848752 5104.000000 
51.875001 5056.000000 
51.901250 5107.000000 
51.927499 5191.000000 
51.953749 5124.000000 
51.979998 5095.000000 
52.006247 5124.000000 
52.032496 5143.000000 
52.058745 5258.000000 
52.084994 5341.000000 
52.111243 5297.000000 
52.137492 5196.000000 
52.163741 5191.000000 
52.189990 5152.000000 
52.216239 5080.000000 
52.242488 5198.000000 
52.268737 5273.000000 
52.294987 5128.000000 
52.321236 5094.000000 
52.347485 5114.000000 
52.373734 4992.000000 
52.399983 5199.000000 
52.426232 5054.000000 
52.452481 5013.000000 
52.478730 5224.000000 
52.504979 5082.000000 
52.531228 5147.000000 
52.557477 5142.000000 
52.583726 5242.000000 
52.609975 5061.000000 
52.636224 5126.000000 
52.662474 5069.000000 
52.688723 5078.000000 
52.714972 5095.000000 
52.741221 5128.000000 
52.767470 5065.000000 
52.793719 5034.000000 
52.819968 5151.000000 
52.846217 5148.000000 
52.872466 5092.000000 
52.898715 5155.000000 
52.924964 5067.000000 
52.951213 5075.000000 
52.977462 5102.000000 
53.003711 5056.000000 
53.029961 5234.000000 
53.056210 5184.000000 
53.082459 5080.000000 
53.108708 5100.000000 
53.134957 5051.000000 
53.161206 5162.000000 
53.187455 4990.000000 
53.213704 5185.000000 
53.239953 5130.000000 
53.266202 5186.000000 
53.292451 5062.000000 
53.318700 5426.000000 
53.344949 5215.000000 
53.371198 5149.000000 
53.397448 5215.000000 
53.423697 5302.000000 
53.449946 5561.000000 
53.476195 5526.000000 
53.502444 5575.000000 
53.528693 5689.000000 
53.554942 5970.000000 
53.581191 5782.000000 
53.607440 5562.000000 
53.633689 5644.000000 
53.659938 5604.000000 
53.686187 5597.000000 
53.712436 5495.000000 
53.738686 5395.000000 
53.764935 5283.000000 
53.791184 5296.000000 
53.817433 5243.000000 
53.843682 5249.000000 
53.869931 5185.000000 
53.896180 5056.000000 
53.922429 5141.000000 
53.948678 5186.000000 
53.974927 5297.000000 
54.001176 5143.000000 
54.027425 5166.000000 
54.053674 5149.000000 
54.079923 5067.000000 
54.106173 5151.000000 
54.132422 5242.000000 
54.158671 5194.000000 
54.184920 5254.000000 
54.211169 5268.000000 
54.237418 5227.000000 
54.263667 5048.000000 
54.289916 5229.000000 
54.316165 5226.000000 
54.342414 5167.000000 
54.368663 5254.000000 
54.394912 5158.000000 
54.421161 5190.000000 
54.447410 5147.000000 
54.473660 5170.000000 
54.499909 5162.000000 
54.526158 5059.000000 
54.552407 5198.000000 
54.578656 5136.000000 
54.604905 5041.000000 
54.631154 5067.000000 
54.657403 4933.000000 
54.683652 5133.000000 
54.709901 5066.000000 
54.736150 5056.000000 
54.762399 5165.000000 
54.788648 5040.000000 
54.814897 5196.000000 
54.841147 5134.000000 
54.867396 5167.000000 
54.893645 5086.000000 
54.919894 5002.000000 
54.946143 5120.000000 
54.972392 5203.000000 
54.998641 5140.000000 
55.024890 5080.000000 
55.051139 4997.000000 
55.077388 5049.000000 
55.103637 5177.000000 
55.129886 5173.000000 
55.156135 5132.000000 
55.182385 5096.000000 
55.208634 5081.000000 
55.234883 5193.000000 
55.261132 5066.000000 
55.287381 5195.000000 
55.313630 5102.000000 
55.339879 5181.000000 
55.366128 5156.000000 
55.392377 5100.000000 
55.418626 5267.000000 
55.444875 5109.000000 
55.471124 5198.000000 
55.497373 5188.000000 
55.523622 5192.000000 
55.549872 5063.000000 
55.576121 5146.000000 
55.602370 5148.000000 
55.628619 5063.000000 
55.654868 5076.000000 
55.681117 5181.000000 
55.707366 5126.000000 
55.733615 4979.000000 
55.759864 5002.000000 
55.786113 5055.000000 
55.812362 5209.000000 
55.838611 5212.000000 
55.864860 5083.000000 
55.891109 5098.000000 
55.917359 5040.000000 
55.943608 4989.000000 
55.969857 5242.000000 
55.996106 5128.000000 
56.022355 5060.000000 
56.048604 5179.000000 
56.074853 5073.000000 
56.101102 4946.000000 
56.127351 5161.000000 
56.153600 5037.000000 
56.179849 5167.000000 
56.206098 5147.000000 
56.232347 5190.000000 
56.258596 5170.000000 
56.284846 5034.000000 
56.311095 5135.000000 
56.337344 5094.000000 
56.363593 5183.000000 
56.389842 5184.000000 
56.416091 5033.000000 
56.442340 5149.000000 
56.468589 5089.000000 
56.494838 5005.000000 
56.521087 5068.000000 
56.547336 4976.000000 
56.573585 5060.000000 
56.599834 5158.000000 
56.626084 5135.000000 
56.652333 5026.000000 
56.678582 5151.000000 
56.704831 5213.000000 
56.731080 5264.000000 
56.757329 5115.000000 
56.783578 5012.000000 
56.809827 5109.000000 
56.836076 5150.000000 
56.862325 5338.000000 
56.888574 5315.000000 
56.914823 5463.000000 
56.941072 5566.000000 
56.967321 5808.000000 
56.993571 6159.000000 
57.019820 6743.000000 
57.046069 7142.000000 
57.072318 7500.000000 
57.098567 7316.000000 
57.124816 6780.000000 
57.151065 6518.000000 
57.177314 6465.000000 
57.203563 6496.000000 
57.229812 6485.000000 
57.256061 6187.000000 
57.282310 6011.000000 
57.308559 5603.000000 
57.334808 5588.000000 
57.361058 5371.000000 
57.387307 5278.000000 
57.413556 5155.000000 
57.439805 5234.000000 
57.466054 5280.000000 
57.492303 5168.000000 
57.518552 5233.000000 
57.544801 5246.000000 
57.571050 5030.000000 
57.597299 5158.000000 
57.623548 5012.000000 
57.649797 5218.000000 
57.676046 5161.000000 
57.702295 5242.000000 
57.728545 5171.000000 
57.754794 5151.000000 
57.781043 5107.000000 
57.807292 5158.000000 
57.833541 5055.000000 
57.859790 5132.000000 
57.886039 5095.000000 
57.912288 5214.000000 
57.938537 5091.000000 
57.964786 5119.000000 
57.991035 5102.000000 
58.017284 5043.000000 
58.043533 5012.000000 
58.069783 5295.000000 
58.096032 5068.000000 
58.122281 5130.000000 
58.148530 5155.000000 
58.174779 5187.000000 
58.201028 5053.000000 
58.227277 5139.000000 
58.253526 5070.000000 
58.279775 5148.000000 
58.306024 5198.000000 
58.332273 5041.000000 
58.358522 4999.000000 
58.384771 5185.000000 
58.411020 5059.000000 
58.437270 5033.000000 
58.463519 5042.000000 
58.489768 5016.000000 
58.516017 5132.000000 
58.542266 5025.000000 
58.568515 5019.000000 
58.594764 5014.000000 
58.621013 5212.000000 
58.647262 5132.000000 
58.673511 5061.000000 
58.699760 5112.000000 
58.726009 5071.000000 
58.752258 5115.000000 
58.778507 4919.000000 
58.804757 4965.000000 
58.831006 5079.000000 
58.857255 4986.000000 
58.883504 5089.000000 
58.909753 5049.000000 
58.936002 5145.000000 
58.962251 5096.000000 
58.988500 5144.000000 
59.014749 5052.000000 
59.040998 5115.000000 
59.067247 5192.000000 
59.093496 5098.000000 
59.119745 4993.000000 
59.145994 5016.000000 
59.172244 5033.000000 
59.198493 4980.000000 
59.224742 5014.000000 
59.250991 5022.000000 
59.277240 5093.000000 
59.303489 5256.000000 
59.329738 5104.000000 
59.355987 5035.000000 
59.382236 5077.000000 
59.408485 4975.000000 
59.434734 5073.000000 
59.460983 5187.000000 
59.487232 4948.000000 
59.513482 5051.000000 
59.539731 4958.000000 
59.565980 5085.000000 
59.592229 5057.000000 
59.618478 5154.000000 
59.644727 5112.000000 
59.670976 5194.000000 
59.697225 5180.000000 
59.723474 5070.000000 
59.749723 5145.000000 
59.775972 5219.000000 
59.802221 5128.000000 
59.828470 5016.000000 
59.854719 5108.000000 
59.880969 5118.000000 
59.907218 5182.000000 
59.933467 5083.000000 
59.959716 5164.000000 
59.985965 5096.000000 
60.012214 5117.000000 
60.038463 5249.000000 
60.064712 5052.000000 
60.090961 5141.000000 
60.117210 5286.000000 
60.143459 5054.000000 
60.169708 5245.000000 
60.195957 5176.000000 
60.222206 5138.000000 
60.248456 5078.000000 
60.274705 5042.000000 
60.300954 5104.000000 
60.327203 5277.000000 
60.353452 5205.000000 
60.379701 5106.000000 
60.405950 5225.000000 
60.432199 5128.000000 
60.458448 5183.000000 
60.484697 5094.000000 
60.510946 5082.000000 
60.537195 5184.000000 
60.563444 5203.000000 
60.589693 5021.000000 
60.615943 5054.000000 
60.642192 5219.000000 
60.668441 5135.000000 
60.694690 5176.000000 
60.720939 5243.000000 
60.747188 5066.000000 
60.773437 4976.000000 
60.799686 5096.000000 
60.825935 5023.000000 
60.852184 5137.000000 
60.878433 5041.000000 
60.904682 5004.000000 
60.930931 5113.000000 
60.957181 5157.000000 
60.983430 5139.000000 
61.009679 5138.000000 
61.035928 5038.000000 
61.062177 4954.000000 
61.088426 5145.000000 
61.114675 5069.000000 
61.140924 5041.000000 
61.167173 5097.000000 
61.193422 5086.000000 
61.219671 5139.000000 
61.245920 5118.000000 
61.272169 5071.000000 
61.298418 5174.000000 
61.324668 5142.000000 
61.350917 5042.000000 
61.377166 5075.000000 
61.403415 4988.000000 
61.429664 5028.000000 
61.455913 5113.000000 
61.482162 5201.000000 
61.508411 5229.000000 
61.534660 5139.000000 
61.560909 5144.000000 
61.587158 5058.000000 
61.613407 5105.000000 
61.639656 5072.000000 
61.665905 5238.000000 
61.692155 5234.000000 
61.718404 5241.000000 
61.744653 5221.000000 
61.770902 5317.000000 
61.797151 5146.000000 
61.823400 5206.000000 
61.849649 5199.000000 
61.875898 5164.000000 
61.902147 5029.000000 
61.928396 5096.000000 
61.954645 5146.000000 
61.980894 5213.000000 
62.007143 5139.000000 
62.033393 5205.000000 
62.059642 5256.000000 
62.085891 5056.000000 
62.112140 5140.000000 
62.138389 5109.000000 
62.164638 5190.000000 
62.190887 5207.000000 
62.217136 5169.000000 
62.243385 5194.000000 
62.269634 5243.000000 
62.295883 5201.000000 
62.322132 5258.000000 
62.348381 5333.000000 
62.374630 5387.000000 
62.400880 5384.000000 
62.427129 5410.000000 
62.453378 5431.000000 
62.479627 5608.000000 
62.505876 5739.000000 
62.532125 5917.000000 
62.558374 6252.000000 
62.584623 6626.000000 
62.610872 7280.000000 
62.637121 7585.000000 
62.663370 7771.000000 
62.689619 7407.000000 
62.715868 7006.000000 
62.742117 6851.000000 
62.768367 6846.000000 
62.794616 6765.000000 
62.820865 6779.000000 
62.847114 6562.000000 
62.873363 6248.000000 
62.899612 5980.000000 
62.925861 5717.000000 
62.952110 5590.000000 
62.978359 5392.000000 
63.004608 5444.000000 
63.030857 5526.000000 
63.057106 5282.000000 
63.083355 5341.000000 
63.109604 5273.000000 
63.135854 5198.000000 
63.162103 5275.000000 
63.188352 5344.000000 
63.214601 5128.000000 
63.240850 5211.000000 
63.267099 5151.000000 
63.293348 5144.000000 
63.319597 5213.000000 
63.345846 5184.000000 
63.372095 5119.000000 
63.398344 5184.000000 
63.424593 5092.000000 
63.450842 5139.000000 
63.477092 5122.000000 
63.503341 5112.000000 
63.529590 5107.000000 
63.555839 5225.000000 
63.582088 5271.000000 
63.608337 5115.000000 
63.634586 5207.000000 
63.660835 5104.000000 
63.687084 5320.000000 
63.713333 5180.000000 
63.739582 5005.000000 
63.765831 5040.000000 
63.792080 5181.000000 
63.818329 5259.000000 
63.844579 5230.000000 
63.870828 5044.000000 
63.897077 5158.000000 
63.923326 5185.000000 
63.949575 5229.000000 
63.975824 5091.000000 
64.002073 5188.000000 
64.028322 5205.000000 
64.054571 5062.000000 
64.080820 5320.000000 
64.107069 5211.000000 
64.133318 5281.000000 
64.159567 5336.000000 
64.185816 5281.000000 
64.212066 5234.000000 
64.238315 5251.000000 
64.264564 5256.000000 
64.290813 5200.000000 
64.317062 5044.000000 
64.343311 5134.000000 
64.369560 4976.000000 
64.395809 5169.000000 
64.422058 5024.000000 
64.448307 5085.000000 
64.474556 5089.000000 
64.500805 5109.000000 
64.527054 5135.000000 
64.553303 5047.000000 
64.579553 5180.000000 
64.605802 5034.000000 
64.632051 5147.000000 
64.658300 5236.000000 
64.684549 5135.000000 
64.710798 5108.000000 
64.737047 5089.000000 
64.763296 5099.000000 
64.789545 5029.000000 
64.815794 5015.000000 
64.842043 5114.000000 
64.868292 5162.000000 
64.894541 5208.000000 
64.920791 5099.000000 
64.947040 5004.000000 
64.973289 5120.000000 
64.999538 4913.000000 
65.025787 5204.000000 
65.052036 5206.000000 
65.078285 5086.000000 
65.104534 5038.000000 
65.130783 5198.000000 
65.157032 5100.000000 
65.183281 5126.000000 
65.209530 5148.000000 
65.235779 5154.000000 
65.262028 5145.000000 
65.288278 5086.000000 
65.314527 5126.000000 
65.340776 5068.000000 
65.367025 5054.000000 
65.393274 5129.000000 
65.419523 5066.000000 
65.445772 5182.000000 
65.472021 5151.000000 
65.498270 4974.000000 
65.524519 5158.000000 
65.550768 5205.000000 
65.577017 5116.000000 
65.603266 5093.000000 
65.629515 5170.000000 
65.655765 5117.000000 
65.682014 5224.000000 
65.708263 5158.000000 
65.734512 5106.000000 
65.760761 5211.000000 
65.787010 5400.000000 
65.813259 5183.000000 
65.839508 5187.000000 
65.865757 5181.000000 
65.892006 5189.000000 
65.918255 5082.000000 
65.944504 5280.000000 
65.970753 5178.000000 
65.997002 5122.000000 
66.023252 5179.000000 
66.049501 5185.000000 
66.075750 5139.000000 
66.101999 5161.000000 
66.128248 5050.000000 
66.154497 5076.000000 
66.180746 5147.000000 
66.206995 5317.000000 
66.233244 5143.000000 
66.259493 5076.000000 
66.285742 5256.000000 
66.311991 5200.000000 
66.338240 5027.000000 
66.364490 5038.000000 
66.390739 5123.000000 
66.416988 5040.000000 
66.443237 5086.000000 
66.469486 5091.000000 
66.495735 5189.000000 
66.521984 5160.000000 
66.548233 5237.000000 
66.574482 5127.000000 
66.600731 5220.000000 
66.626980 5173.000000 
66.653229 4996.000000 
66.679478 5145.000000 
66.705727 5216.000000 
66.731977 5161.000000 
66.758226 5139.000000 
66.784475 5071.000000 
66.810724 5156.000000 
66.836973 5056.000000 
66.863222 5024.000000 
66.889471 5099.000000 
66.915720 5030.000000 
66.941969 5133.000000 
66.968218 5084.000000 
66.994467 5024.000000 
67.020716 5081.000000 
67.046965 5222.000000 
67.073214 5024.000000 
67.099464 5241.000000 
67.125713 5156.000000 
67.151962 5169.000000 
67.178211 5177.000000 
67.204460 5174.000000 
67.230709 5176.000000 
67.256958 5129.000000 
67.283207 5232.000000 
67.309456 5152.000000 
67.335705 5043.000000 
67.361954 5152.000000 
67.388203 5063.000000 
67.414452 4989.000000 
67.440701 5108.000000 
67.466951 5217.000000 
67.493200 5101.000000 
67.519449 5057.000000 
67.545698 5123.000000 
67.571947 5209.000000 
67.598196 5183.000000 
67.624445 5131.000000 
67.650694 5049.000000 
67.676943 5199.000000 
67.703192 5137.000000 
67.729441 5227.000000 
67.755690 5144.000000 
67.781939 5098.000000 
67.808189 5223.000000 
67.834438 5458.000000 
67.860687 5197.000000 
67.886936 5028.000000 
67.913185 5170.000000 
67.939434 5152.000000 
67.965683 5256.000000 
67.991932 5281.000000 
68.018181 5302.000000 
68.044430 5313.000000 
68.070679 5160.000000 
68.096928 5224.000000 
68.123177 5223.000000 
68.149426 5195.000000 
68.175676 5146.000000 
68.201925 5138.000000 
68.228174 5162.000000 
68.254423 5190.000000 
68.280672 5173.000000 
68.306921 5167.000000 
68.333170 5319.000000 
68.359419 5151.000000 
68.385668 5190.000000 
68.411917 5238.000000 
68.438166 5267.000000 
68.464415 5228.000000 
68.490664 5259.000000 
68.516913 5269.000000 
68.543163 5203.000000 
68.569412 5045.000000 
68.595661 5222.000000 
68.621910 5115.000000 
68.648159 5237.000000 
68.674408 5230.000000 
68.700657 5266.000000 
68.726906 5183.000000 
68.753155 5069.000000 
68.779404 5089.000000 
68.805653 5249.000000 
68.831902 5150.000000 
68.858151 5052.000000 
68.884400 5164.000000 
68.910650 5166.000000 
68.936899 5143.000000 
68.963148 5127.000000 
68.989397 5029.000000 
69.015646 5053.000000 
69.041895 5080.000000 
69.068144 5061.000000 
69.094393 5104.000000 
69.120642 5193.000000 
69.146891 5126.000000 
69.173140 5128.000000 
69.199389 5107.000000 
69.225638 5263.000000 
69.251888 5066.000000 
69.278137 5200.000000 
69.304386 5143.000000 
69.330635 5160.000000 
69.356884 5230.000000 
69.383133 5063.000000 
69.409382 5059.000000 
69.435631 5240.000000 
69.461880 5185.000000 
69.488129 5199.000000 
69.514378 5220.000000 
69.540627 5096.000000 
69.566876 5177.000000 
69.593125 5111.000000 
69.619375 5127.000000 
69.645624 5079.000000 
69.671873 5270.000000 
69.698122 5014.000000 
69.724371 5140.000000 
69.750620 5138.000000 
69.776869 5153.000000 
69.803118 5126.000000 
69.829367 5048.000000 
69.855616 5083.000000 
69.881865 5193.000000 
69.908114 5186.000000 
69.934363 5219.000000 
69.960612 5101.000000 
